Incite; Executed C Instr; Clock Cycle Effective; Execution Time; CC4CS;
values_00; 13; 1097; 274.250; 84.384
values_01; 13; 1097; 274.250; 84.384
values_02; 13; 1097; 274.250; 84.384
values_03; 13; 1097; 274.250; 84.384
values_04; 13; 1097; 274.250; 84.384
values_05; 13; 1097; 274.250; 84.384
values_06; 13; 1097; 274.250; 84.384
values_07; 13; 1097; 274.250; 84.384
values_08; 13; 1097; 274.250; 84.384
values_09; 13; 1097; 274.250; 84.384
values_10; 17; 2283; 570.750; 134.294
values_100; 17; 2490; 622.500; 146.470
values_101; 17; 2490; 622.500; 146.470
values_102; 17; 2490; 622.500; 146.470
values_103; 17; 2490; 622.500; 146.470
values_104; 17; 2490; 622.500; 146.470
values_105; 17; 2490; 622.500; 146.470
values_106; 17; 2490; 622.500; 146.470
values_107; 17; 2490; 622.500; 146.470
values_108; 17; 2490; 622.500; 146.470
values_109; 17; 2490; 622.500; 146.470
values_11; 17; 2283; 570.750; 134.294
values_110; 117; 18446; 4611.500; 157.658
values_111; 117; 18446; 4611.500; 157.658
values_112; 117; 18446; 4611.500; 157.658
values_113; 117; 18446; 4611.500; 157.658
values_114; 117; 18446; 4611.500; 157.658
values_115; 117; 18446; 4611.500; 157.658
values_116; 117; 18446; 4611.500; 157.658
values_117; 117; 18446; 4611.500; 157.658
values_118; 117; 18446; 4611.500; 157.658
values_119; 117; 18446; 4611.500; 157.658
values_12; 17; 2283; 570.750; 134.294
values_120; 85; 13070; 3267.500; 153.764
values_121; 85; 13070; 3267.500; 153.764
values_122; 85; 13070; 3267.500; 153.764
values_123; 85; 13070; 3267.500; 153.764
values_124; 85; 13070; 3267.500; 153.764
values_125; 85; 13070; 3267.500; 153.764
values_126; 85; 13070; 3267.500; 153.764
values_127; 85; 13070; 3267.500; 153.764
values_128; 85; 13070; 3267.500; 153.764
values_129; 85; 13070; 3267.500; 153.764
values_13; 17; 2283; 570.750; 134.294
values_130; 97; 15092; 3773.000; 155.587
values_131; 97; 15092; 3773.000; 155.587
values_132; 97; 15092; 3773.000; 155.587
values_133; 97; 15092; 3773.000; 155.587
values_134; 97; 15092; 3773.000; 155.587
values_135; 97; 15092; 3773.000; 155.587
values_136; 97; 15092; 3773.000; 155.587
values_137; 97; 15092; 3773.000; 155.587
values_138; 97; 15092; 3773.000; 155.587
values_139; 97; 15092; 3773.000; 155.587
values_14; 17; 2283; 570.750; 134.294
values_140; 101; 15790; 3947.500; 156.336
values_141; 101; 15790; 3947.500; 156.336
values_142; 101; 15790; 3947.500; 156.336
values_143; 101; 15790; 3947.500; 156.336
values_144; 101; 15790; 3947.500; 156.336
values_145; 101; 15790; 3947.500; 156.336
values_146; 101; 15790; 3947.500; 156.336
values_147; 101; 15790; 3947.500; 156.336
values_148; 101; 15790; 3947.500; 156.336
values_149; 101; 15790; 3947.500; 156.336
values_15; 17; 2283; 570.750; 134.294
values_150; 93; 14386; 3596.500; 154.688
values_151; 93; 14386; 3596.500; 154.688
values_152; 93; 14386; 3596.500; 154.688
values_153; 93; 14386; 3596.500; 154.688
values_154; 93; 14386; 3596.500; 154.688
values_155; 93; 14386; 3596.500; 154.688
values_156; 93; 14386; 3596.500; 154.688
values_157; 93; 14386; 3596.500; 154.688
values_158; 93; 14386; 3596.500; 154.688
values_159; 93; 14386; 3596.500; 154.688
values_16; 17; 2283; 570.750; 134.294
values_160; 73; 11072; 2768.000; 151.671
values_161; 73; 11072; 2768.000; 151.671
values_162; 73; 11072; 2768.000; 151.671
values_163; 73; 11072; 2768.000; 151.671
values_164; 73; 11072; 2768.000; 151.671
values_165; 73; 11072; 2768.000; 151.671
values_166; 73; 11072; 2768.000; 151.671
values_167; 73; 11072; 2768.000; 151.671
values_168; 73; 11072; 2768.000; 151.671
values_169; 73; 11072; 2768.000; 151.671
values_17; 17; 2283; 570.750; 134.294
values_170; 85; 13309; 3327.250; 156.576
values_171; 85; 13309; 3327.250; 156.576
values_172; 85; 13309; 3327.250; 156.576
values_173; 85; 13309; 3327.250; 156.576
values_174; 85; 13309; 3327.250; 156.576
values_175; 85; 13309; 3327.250; 156.576
values_176; 85; 13309; 3327.250; 156.576
values_177; 85; 13309; 3327.250; 156.576
values_178; 85; 13309; 3327.250; 156.576
values_179; 85; 13309; 3327.250; 156.576
values_18; 17; 2283; 570.750; 134.294
values_180; 93; 14402; 3600.500; 154.860
values_181; 93; 14402; 3600.500; 154.860
values_182; 93; 14402; 3600.500; 154.860
values_183; 93; 14402; 3600.500; 154.860
values_184; 93; 14402; 3600.500; 154.860
values_185; 93; 14402; 3600.500; 154.860
values_186; 93; 14402; 3600.500; 154.860
values_187; 93; 14402; 3600.500; 154.860
values_188; 93; 14402; 3600.500; 154.860
values_189; 93; 14402; 3600.500; 154.860
values_19; 17; 2283; 570.750; 134.294
values_190; 97; 15092; 3773.000; 155.587
values_191; 97; 15092; 3773.000; 155.587
values_192; 97; 15092; 3773.000; 155.587
values_193; 97; 15092; 3773.000; 155.587
values_194; 97; 15092; 3773.000; 155.587
values_195; 97; 15092; 3773.000; 155.587
values_196; 97; 15092; 3773.000; 155.587
values_197; 97; 15092; 3773.000; 155.587
values_198; 97; 15092; 3773.000; 155.587
values_199; 97; 15092; 3773.000; 155.587
values_20; 17; 2283; 570.750; 134.294
values_200; 13; 1856; 464.000; 142.769
values_201; 13; 1856; 464.000; 142.769
values_202; 13; 1856; 464.000; 142.769
values_203; 13; 1856; 464.000; 142.769
values_204; 13; 1856; 464.000; 142.769
values_205; 13; 1856; 464.000; 142.769
values_206; 13; 1856; 464.000; 142.769
values_207; 13; 1856; 464.000; 142.769
values_208; 13; 1856; 464.000; 142.769
values_209; 13; 1856; 464.000; 142.769
values_21; 17; 2283; 570.750; 134.294
values_210; 85; 13498; 3374.500; 158.800
values_211; 85; 13498; 3374.500; 158.800
values_212; 85; 13498; 3374.500; 158.800
values_213; 85; 13498; 3374.500; 158.800
values_214; 85; 13498; 3374.500; 158.800
values_215; 85; 13498; 3374.500; 158.800
values_216; 85; 13498; 3374.500; 158.800
values_217; 85; 13498; 3374.500; 158.800
values_218; 85; 13498; 3374.500; 158.800
values_219; 85; 13498; 3374.500; 158.800
values_22; 17; 2283; 570.750; 134.294
values_220; 89; 13975; 3493.750; 157.022
values_221; 89; 13975; 3493.750; 157.022
values_222; 89; 13975; 3493.750; 157.022
values_223; 89; 13975; 3493.750; 157.022
values_224; 89; 13975; 3493.750; 157.022
values_225; 89; 13975; 3493.750; 157.022
values_226; 89; 13975; 3493.750; 157.022
values_227; 89; 13975; 3493.750; 157.022
values_228; 89; 13975; 3493.750; 157.022
values_229; 89; 13975; 3493.750; 157.022
values_23; 17; 2283; 570.750; 134.294
values_230; 65; 9963; 2490.750; 153.276
values_231; 65; 9963; 2490.750; 153.276
values_232; 65; 9963; 2490.750; 153.276
values_233; 65; 9963; 2490.750; 153.276
values_234; 65; 9963; 2490.750; 153.276
values_235; 65; 9963; 2490.750; 153.276
values_236; 65; 9963; 2490.750; 153.276
values_237; 65; 9963; 2490.750; 153.276
values_238; 65; 9963; 2490.750; 153.276
values_239; 65; 9963; 2490.750; 153.276
values_24; 17; 2283; 570.750; 134.294
values_240; 61; 9470; 2367.500; 155.245
values_241; 61; 9470; 2367.500; 155.245
values_242; 61; 9470; 2367.500; 155.245
values_243; 61; 9470; 2367.500; 155.245
values_244; 61; 9470; 2367.500; 155.245
values_245; 61; 9470; 2367.500; 155.245
values_246; 61; 9470; 2367.500; 155.245
values_247; 61; 9470; 2367.500; 155.245
values_248; 61; 9470; 2367.500; 155.245
values_249; 61; 9470; 2367.500; 155.245
values_25; 17; 2283; 570.750; 134.294
values_250; 77; 11913; 2978.250; 154.714
values_251; 77; 11913; 2978.250; 154.714
values_252; 77; 11913; 2978.250; 154.714
values_253; 77; 11913; 2978.250; 154.714
values_254; 77; 11913; 2978.250; 154.714
values_255; 77; 11913; 2978.250; 154.714
values_256; 77; 11913; 2978.250; 154.714
values_257; 77; 11913; 2978.250; 154.714
values_258; 77; 11913; 2978.250; 154.714
values_259; 77; 11913; 2978.250; 154.714
values_26; 17; 2283; 570.750; 134.294
values_260; 93; 14665; 3666.250; 157.688
values_261; 93; 14665; 3666.250; 157.688
values_262; 93; 14665; 3666.250; 157.688
values_263; 93; 14665; 3666.250; 157.688
values_264; 93; 14665; 3666.250; 157.688
values_265; 93; 14665; 3666.250; 157.688
values_266; 93; 14665; 3666.250; 157.688
values_267; 93; 14665; 3666.250; 157.688
values_268; 93; 14665; 3666.250; 157.688
values_269; 93; 14665; 3666.250; 157.688
values_27; 17; 2283; 570.750; 134.294
values_270; 65; 9947; 2486.750; 153.030
values_271; 65; 9947; 2486.750; 153.030
values_272; 65; 9947; 2486.750; 153.030
values_273; 65; 9947; 2486.750; 153.030
values_274; 65; 9947; 2486.750; 153.030
values_275; 65; 9947; 2486.750; 153.030
values_276; 65; 9947; 2486.750; 153.030
values_277; 65; 9947; 2486.750; 153.030
values_278; 65; 9947; 2486.750; 153.030
values_279; 65; 9947; 2486.750; 153.030
values_28; 17; 2283; 570.750; 134.294
values_280; 109; 17329; 4332.250; 158.981
values_281; 109; 17329; 4332.250; 158.981
values_282; 109; 17329; 4332.250; 158.981
values_283; 109; 17329; 4332.250; 158.981
values_284; 109; 17329; 4332.250; 158.981
values_285; 109; 17329; 4332.250; 158.981
values_286; 109; 17329; 4332.250; 158.981
values_287; 109; 17329; 4332.250; 158.981
values_288; 109; 17329; 4332.250; 158.981
values_289; 109; 17329; 4332.250; 158.981
values_29; 17; 2283; 570.750; 134.294
values_290; 105; 16647; 4161.750; 158.542
values_291; 105; 16647; 4161.750; 158.542
values_292; 105; 16647; 4161.750; 158.542
values_293; 105; 16647; 4161.750; 158.542
values_294; 105; 16647; 4161.750; 158.542
values_295; 105; 16647; 4161.750; 158.542
values_296; 105; 16647; 4161.750; 158.542
values_297; 105; 16647; 4161.750; 158.542
values_298; 105; 16647; 4161.750; 158.542
values_299; 105; 16647; 4161.750; 158.542
values_30; 21; 2949; 737.250; 140.428
values_300; 13; 1848; 462.000; 142.153
values_301; 13; 1848; 462.000; 142.153
values_302; 13; 1848; 462.000; 142.153
values_303; 13; 1848; 462.000; 142.153
values_304; 13; 1848; 462.000; 142.153
values_305; 13; 1848; 462.000; 142.153
values_306; 13; 1848; 462.000; 142.153
values_307; 13; 1848; 462.000; 142.153
values_308; 13; 1848; 462.000; 142.153
values_309; 13; 1848; 462.000; 142.153
values_31; 21; 2949; 737.250; 140.428
values_310; 117; 18446; 4611.500; 157.658
values_311; 117; 18446; 4611.500; 157.658
values_312; 117; 18446; 4611.500; 157.658
values_313; 117; 18446; 4611.500; 157.658
values_314; 117; 18446; 4611.500; 157.658
values_315; 117; 18446; 4611.500; 157.658
values_316; 117; 18446; 4611.500; 157.658
values_317; 117; 18446; 4611.500; 157.658
values_318; 117; 18446; 4611.500; 157.658
values_319; 117; 18446; 4611.500; 157.658
values_32; 21; 2949; 737.250; 140.428
values_320; 97; 15299; 3824.750; 157.721
values_321; 97; 15299; 3824.750; 157.721
values_322; 97; 15299; 3824.750; 157.721
values_323; 97; 15299; 3824.750; 157.721
values_324; 97; 15299; 3824.750; 157.721
values_325; 97; 15299; 3824.750; 157.721
values_326; 97; 15299; 3824.750; 157.721
values_327; 97; 15299; 3824.750; 157.721
values_328; 97; 15299; 3824.750; 157.721
values_329; 97; 15299; 3824.750; 157.721
values_33; 21; 2949; 737.250; 140.428
values_330; 85; 13078; 3269.500; 153.858
values_331; 85; 13078; 3269.500; 153.858
values_332; 85; 13078; 3269.500; 153.858
values_333; 85; 13078; 3269.500; 153.858
values_334; 85; 13078; 3269.500; 153.858
values_335; 85; 13078; 3269.500; 153.858
values_336; 85; 13078; 3269.500; 153.858
values_337; 85; 13078; 3269.500; 153.858
values_338; 85; 13078; 3269.500; 153.858
values_339; 85; 13078; 3269.500; 153.858
values_34; 21; 2949; 737.250; 140.428
values_340; 57; 8581; 2145.250; 150.543
values_341; 57; 8581; 2145.250; 150.543
values_342; 57; 8581; 2145.250; 150.543
values_343; 57; 8581; 2145.250; 150.543
values_344; 57; 8581; 2145.250; 150.543
values_345; 57; 8581; 2145.250; 150.543
values_346; 57; 8581; 2145.250; 150.543
values_347; 57; 8581; 2145.250; 150.543
values_348; 57; 8581; 2145.250; 150.543
values_349; 57; 8581; 2145.250; 150.543
values_35; 21; 2949; 737.250; 140.428
values_350; 97; 15124; 3781.000; 155.917
values_351; 97; 15124; 3781.000; 155.917
values_352; 97; 15124; 3781.000; 155.917
values_353; 97; 15124; 3781.000; 155.917
values_354; 97; 15124; 3781.000; 155.917
values_355; 97; 15124; 3781.000; 155.917
values_356; 97; 15124; 3781.000; 155.917
values_357; 97; 15124; 3781.000; 155.917
values_358; 97; 15124; 3781.000; 155.917
values_359; 97; 15124; 3781.000; 155.917
values_36; 21; 2949; 737.250; 140.428
values_360; 85; 13102; 3275.500; 154.141
values_361; 85; 13102; 3275.500; 154.141
values_362; 85; 13102; 3275.500; 154.141
values_363; 85; 13102; 3275.500; 154.141
values_364; 85; 13102; 3275.500; 154.141
values_365; 85; 13102; 3275.500; 154.141
values_366; 85; 13102; 3275.500; 154.141
values_367; 85; 13102; 3275.500; 154.141
values_368; 85; 13102; 3275.500; 154.141
values_369; 85; 13102; 3275.500; 154.141
values_37; 21; 2949; 737.250; 140.428
values_370; 81; 12627; 3156.750; 155.888
values_371; 81; 12627; 3156.750; 155.888
values_372; 81; 12627; 3156.750; 155.888
values_373; 81; 12627; 3156.750; 155.888
values_374; 81; 12627; 3156.750; 155.888
values_375; 81; 12627; 3156.750; 155.888
values_376; 81; 12627; 3156.750; 155.888
values_377; 81; 12627; 3156.750; 155.888
values_378; 81; 12627; 3156.750; 155.888
values_379; 81; 12627; 3156.750; 155.888
values_38; 21; 2949; 737.250; 140.428
values_380; 81; 12651; 3162.750; 156.185
values_381; 81; 12651; 3162.750; 156.185
values_382; 81; 12651; 3162.750; 156.185
values_383; 81; 12651; 3162.750; 156.185
values_384; 81; 12651; 3162.750; 156.185
values_385; 81; 12651; 3162.750; 156.185
values_386; 81; 12651; 3162.750; 156.185
values_387; 81; 12651; 3162.750; 156.185
values_388; 81; 12651; 3162.750; 156.185
values_389; 81; 12651; 3162.750; 156.185
values_39; 21; 2949; 737.250; 140.428
values_390; 89; 13744; 3436.000; 154.426
values_391; 89; 13744; 3436.000; 154.426
values_392; 89; 13744; 3436.000; 154.426
values_393; 89; 13744; 3436.000; 154.426
values_394; 89; 13744; 3436.000; 154.426
values_395; 89; 13744; 3436.000; 154.426
values_396; 89; 13744; 3436.000; 154.426
values_397; 89; 13744; 3436.000; 154.426
values_398; 89; 13744; 3436.000; 154.426
values_399; 89; 13744; 3436.000; 154.426
values_40; 21; 2957; 739.250; 140.809
values_400; 13; 1840; 460.000; 141.538
values_401; 13; 1840; 460.000; 141.538
values_402; 13; 1840; 460.000; 141.538
values_403; 13; 1840; 460.000; 141.538
values_404; 13; 1840; 460.000; 141.538
values_405; 13; 1840; 460.000; 141.538
values_406; 13; 1840; 460.000; 141.538
values_407; 13; 1840; 460.000; 141.538
values_408; 13; 1840; 460.000; 141.538
values_409; 13; 1840; 460.000; 141.538
values_41; 21; 2957; 739.250; 140.809
values_410; 69; 10382; 2595.500; 150.463
values_411; 69; 10382; 2595.500; 150.463
values_412; 69; 10382; 2595.500; 150.463
values_413; 69; 10382; 2595.500; 150.463
values_414; 69; 10382; 2595.500; 150.463
values_415; 69; 10382; 2595.500; 150.463
values_416; 69; 10382; 2595.500; 150.463
values_417; 69; 10382; 2595.500; 150.463
values_418; 69; 10382; 2595.500; 150.463
values_419; 69; 10382; 2595.500; 150.463
values_42; 21; 2957; 739.250; 140.809
values_420; 81; 12619; 3154.750; 155.790
values_421; 81; 12619; 3154.750; 155.790
values_422; 81; 12619; 3154.750; 155.790
values_423; 81; 12619; 3154.750; 155.790
values_424; 81; 12619; 3154.750; 155.790
values_425; 81; 12619; 3154.750; 155.790
values_426; 81; 12619; 3154.750; 155.790
values_427; 81; 12619; 3154.750; 155.790
values_428; 81; 12619; 3154.750; 155.790
values_429; 81; 12619; 3154.750; 155.790
values_43; 21; 2957; 739.250; 140.809
values_430; 77; 11943; 2985.750; 155.103
values_431; 77; 11943; 2985.750; 155.103
values_432; 77; 11943; 2985.750; 155.103
values_433; 77; 11943; 2985.750; 155.103
values_434; 77; 11943; 2985.750; 155.103
values_435; 77; 11943; 2985.750; 155.103
values_436; 77; 11943; 2985.750; 155.103
values_437; 77; 11943; 2985.750; 155.103
values_438; 77; 11943; 2985.750; 155.103
values_439; 77; 11943; 2985.750; 155.103
values_44; 21; 2957; 739.250; 140.809
values_440; 69; 10382; 2595.500; 150.463
values_441; 69; 10382; 2595.500; 150.463
values_442; 69; 10382; 2595.500; 150.463
values_443; 69; 10382; 2595.500; 150.463
values_444; 69; 10382; 2595.500; 150.463
values_445; 69; 10382; 2595.500; 150.463
values_446; 69; 10382; 2595.500; 150.463
values_447; 69; 10382; 2595.500; 150.463
values_448; 69; 10382; 2595.500; 150.463
values_449; 69; 10382; 2595.500; 150.463
values_45; 21; 2957; 739.250; 140.809
values_450; 97; 15060; 3765.000; 155.257
values_451; 97; 15060; 3765.000; 155.257
values_452; 97; 15060; 3765.000; 155.257
values_453; 97; 15060; 3765.000; 155.257
values_454; 97; 15060; 3765.000; 155.257
values_455; 97; 15060; 3765.000; 155.257
values_456; 97; 15060; 3765.000; 155.257
values_457; 97; 15060; 3765.000; 155.257
values_458; 97; 15060; 3765.000; 155.257
values_459; 97; 15060; 3765.000; 155.257
values_46; 21; 2957; 739.250; 140.809
values_460; 93; 14442; 3610.500; 155.290
values_461; 93; 14442; 3610.500; 155.290
values_462; 93; 14442; 3610.500; 155.290
values_463; 93; 14442; 3610.500; 155.290
values_464; 93; 14442; 3610.500; 155.290
values_465; 93; 14442; 3610.500; 155.290
values_466; 93; 14442; 3610.500; 155.290
values_467; 93; 14442; 3610.500; 155.290
values_468; 93; 14442; 3610.500; 155.290
values_469; 93; 14442; 3610.500; 155.290
values_47; 21; 2957; 739.250; 140.809
values_470; 77; 11937; 2984.250; 155.025
values_471; 77; 11937; 2984.250; 155.025
values_472; 77; 11937; 2984.250; 155.025
values_473; 77; 11937; 2984.250; 155.025
values_474; 77; 11937; 2984.250; 155.025
values_475; 77; 11937; 2984.250; 155.025
values_476; 77; 11937; 2984.250; 155.025
values_477; 77; 11937; 2984.250; 155.025
values_478; 77; 11937; 2984.250; 155.025
values_479; 77; 11937; 2984.250; 155.025
values_48; 21; 2957; 739.250; 140.809
values_480; 93; 14657; 3664.250; 157.602
values_481; 93; 14657; 3664.250; 157.602
values_482; 93; 14657; 3664.250; 157.602
values_483; 93; 14657; 3664.250; 157.602
values_484; 93; 14657; 3664.250; 157.602
values_485; 93; 14657; 3664.250; 157.602
values_486; 93; 14657; 3664.250; 157.602
values_487; 93; 14657; 3664.250; 157.602
values_488; 93; 14657; 3664.250; 157.602
values_489; 93; 14657; 3664.250; 157.602
values_49; 21; 2957; 739.250; 140.809
values_490; 77; 11746; 2936.500; 152.545
values_491; 77; 11746; 2936.500; 152.545
values_492; 77; 11746; 2936.500; 152.545
values_493; 77; 11746; 2936.500; 152.545
values_494; 77; 11746; 2936.500; 152.545
values_495; 77; 11746; 2936.500; 152.545
values_496; 77; 11746; 2936.500; 152.545
values_497; 77; 11746; 2936.500; 152.545
values_498; 77; 11746; 2936.500; 152.545
values_499; 77; 11746; 2936.500; 152.545
values_50; 21; 2957; 739.250; 140.809
values_500; 13; 1832; 458.000; 140.923
values_501; 13; 1832; 458.000; 140.923
values_502; 13; 1832; 458.000; 140.923
values_503; 13; 1832; 458.000; 140.923
values_504; 13; 1832; 458.000; 140.923
values_505; 13; 1832; 458.000; 140.923
values_506; 13; 1832; 458.000; 140.923
values_507; 13; 1832; 458.000; 140.923
values_508; 13; 1832; 458.000; 140.923
values_509; 13; 1832; 458.000; 140.923
values_51; 21; 2957; 739.250; 140.809
values_510; 73; 11287; 2821.750; 154.616
values_511; 73; 11287; 2821.750; 154.616
values_512; 73; 11287; 2821.750; 154.616
values_513; 73; 11287; 2821.750; 154.616
values_514; 73; 11287; 2821.750; 154.616
values_515; 73; 11287; 2821.750; 154.616
values_516; 73; 11287; 2821.750; 154.616
values_517; 73; 11287; 2821.750; 154.616
values_518; 73; 11287; 2821.750; 154.616
values_519; 73; 11287; 2821.750; 154.616
values_52; 21; 2957; 739.250; 140.809
values_520; 61; 9281; 2320.250; 152.147
values_521; 61; 9281; 2320.250; 152.147
values_522; 61; 9281; 2320.250; 152.147
values_523; 61; 9281; 2320.250; 152.147
values_524; 61; 9281; 2320.250; 152.147
values_525; 61; 9281; 2320.250; 152.147
values_526; 61; 9281; 2320.250; 152.147
values_527; 61; 9281; 2320.250; 152.147
values_528; 61; 9281; 2320.250; 152.147
values_529; 61; 9281; 2320.250; 152.147
values_53; 21; 2957; 739.250; 140.809
values_530; 81; 12611; 3152.750; 155.691
values_531; 81; 12611; 3152.750; 155.691
values_532; 81; 12611; 3152.750; 155.691
values_533; 81; 12611; 3152.750; 155.691
values_534; 81; 12611; 3152.750; 155.691
values_535; 81; 12611; 3152.750; 155.691
values_536; 81; 12611; 3152.750; 155.691
values_537; 81; 12611; 3152.750; 155.691
values_538; 81; 12611; 3152.750; 155.691
values_539; 81; 12611; 3152.750; 155.691
values_54; 21; 2957; 739.250; 140.809
values_540; 89; 13975; 3493.750; 157.022
values_541; 89; 13975; 3493.750; 157.022
values_542; 89; 13975; 3493.750; 157.022
values_543; 89; 13975; 3493.750; 157.022
values_544; 89; 13975; 3493.750; 157.022
values_545; 89; 13975; 3493.750; 157.022
values_546; 89; 13975; 3493.750; 157.022
values_547; 89; 13975; 3493.750; 157.022
values_548; 89; 13975; 3493.750; 157.022
values_549; 89; 13975; 3493.750; 157.022
values_55; 21; 2957; 739.250; 140.809
values_550; 85; 13301; 3325.250; 156.482
values_551; 85; 13301; 3325.250; 156.482
values_552; 85; 13301; 3325.250; 156.482
values_553; 85; 13301; 3325.250; 156.482
values_554; 85; 13301; 3325.250; 156.482
values_555; 85; 13301; 3325.250; 156.482
values_556; 85; 13301; 3325.250; 156.482
values_557; 85; 13301; 3325.250; 156.482
values_558; 85; 13301; 3325.250; 156.482
values_559; 85; 13301; 3325.250; 156.482
values_56; 21; 2957; 739.250; 140.809
values_560; 117; 18661; 4665.250; 159.495
values_561; 117; 18661; 4665.250; 159.495
values_562; 117; 18661; 4665.250; 159.495
values_563; 117; 18661; 4665.250; 159.495
values_564; 117; 18661; 4665.250; 159.495
values_565; 117; 18661; 4665.250; 159.495
values_566; 117; 18661; 4665.250; 159.495
values_567; 117; 18661; 4665.250; 159.495
values_568; 117; 18661; 4665.250; 159.495
values_569; 117; 18661; 4665.250; 159.495
values_57; 21; 2957; 739.250; 140.809
values_570; 89; 13967; 3491.750; 156.932
values_571; 89; 13967; 3491.750; 156.932
values_572; 89; 13967; 3491.750; 156.932
values_573; 89; 13967; 3491.750; 156.932
values_574; 89; 13967; 3491.750; 156.932
values_575; 89; 13967; 3491.750; 156.932
values_576; 89; 13967; 3491.750; 156.932
values_577; 89; 13967; 3491.750; 156.932
values_578; 89; 13967; 3491.750; 156.932
values_579; 89; 13967; 3491.750; 156.932
values_58; 21; 2957; 739.250; 140.809
values_580; 65; 9939; 2484.750; 152.907
values_581; 65; 9939; 2484.750; 152.907
values_582; 65; 9939; 2484.750; 152.907
values_583; 65; 9939; 2484.750; 152.907
values_584; 65; 9939; 2484.750; 152.907
values_585; 65; 9939; 2484.750; 152.907
values_586; 65; 9939; 2484.750; 152.907
values_587; 65; 9939; 2484.750; 152.907
values_588; 65; 9939; 2484.750; 152.907
values_589; 65; 9939; 2484.750; 152.907
values_59; 21; 2957; 739.250; 140.809
values_590; 77; 11969; 2992.250; 155.441
values_591; 77; 11969; 2992.250; 155.441
values_592; 77; 11969; 2992.250; 155.441
values_593; 77; 11969; 2992.250; 155.441
values_594; 77; 11969; 2992.250; 155.441
values_595; 77; 11969; 2992.250; 155.441
values_596; 77; 11969; 2992.250; 155.441
values_597; 77; 11969; 2992.250; 155.441
values_598; 77; 11969; 2992.250; 155.441
values_599; 77; 11969; 2992.250; 155.441
values_60; 21; 3005; 751.250; 143.095
values_600; 13; 1848; 462.000; 142.153
values_601; 13; 1848; 462.000; 142.153
values_602; 13; 1848; 462.000; 142.153
values_603; 13; 1848; 462.000; 142.153
values_604; 13; 1848; 462.000; 142.153
values_605; 13; 1848; 462.000; 142.153
values_606; 13; 1848; 462.000; 142.153
values_607; 13; 1848; 462.000; 142.153
values_608; 13; 1848; 462.000; 142.153
values_609; 13; 1848; 462.000; 142.153
values_61; 21; 3005; 751.250; 143.095
values_610; 81; 12635; 3158.750; 155.987
values_611; 81; 12635; 3158.750; 155.987
values_612; 81; 12635; 3158.750; 155.987
values_613; 81; 12635; 3158.750; 155.987
values_614; 81; 12635; 3158.750; 155.987
values_615; 81; 12635; 3158.750; 155.987
values_616; 81; 12635; 3158.750; 155.987
values_617; 81; 12635; 3158.750; 155.987
values_618; 81; 12635; 3158.750; 155.987
values_619; 81; 12635; 3158.750; 155.987
values_62; 21; 3005; 751.250; 143.095
values_620; 57; 8583; 2145.750; 150.578
values_621; 57; 8583; 2145.750; 150.578
values_622; 57; 8583; 2145.750; 150.578
values_623; 57; 8583; 2145.750; 150.578
values_624; 57; 8583; 2145.750; 150.578
values_625; 57; 8583; 2145.750; 150.578
values_626; 57; 8583; 2145.750; 150.578
values_627; 57; 8583; 2145.750; 150.578
values_628; 57; 8583; 2145.750; 150.578
values_629; 57; 8583; 2145.750; 150.578
values_63; 21; 3005; 751.250; 143.095
values_630; 101; 15989; 3997.250; 158.306
values_631; 101; 15989; 3997.250; 158.306
values_632; 101; 15989; 3997.250; 158.306
values_633; 101; 15989; 3997.250; 158.306
values_634; 101; 15989; 3997.250; 158.306
values_635; 101; 15989; 3997.250; 158.306
values_636; 101; 15989; 3997.250; 158.306
values_637; 101; 15989; 3997.250; 158.306
values_638; 101; 15989; 3997.250; 158.306
values_639; 101; 15989; 3997.250; 158.306
values_64; 21; 3005; 751.250; 143.095
values_640; 89; 13975; 3493.750; 157.022
values_641; 89; 13975; 3493.750; 157.022
values_642; 89; 13975; 3493.750; 157.022
values_643; 89; 13975; 3493.750; 157.022
values_644; 89; 13975; 3493.750; 157.022
values_645; 89; 13975; 3493.750; 157.022
values_646; 89; 13975; 3493.750; 157.022
values_647; 89; 13975; 3493.750; 157.022
values_648; 89; 13975; 3493.750; 157.022
values_649; 89; 13975; 3493.750; 157.022
values_65; 21; 3005; 751.250; 143.095
values_650; 93; 14410; 3602.500; 154.946
values_651; 93; 14410; 3602.500; 154.946
values_652; 93; 14410; 3602.500; 154.946
values_653; 93; 14410; 3602.500; 154.946
values_654; 93; 14410; 3602.500; 154.946
values_655; 93; 14410; 3602.500; 154.946
values_656; 93; 14410; 3602.500; 154.946
values_657; 93; 14410; 3602.500; 154.946
values_658; 93; 14410; 3602.500; 154.946
values_659; 93; 14410; 3602.500; 154.946
values_66; 21; 3005; 751.250; 143.095
values_660; 109; 17321; 4330.250; 158.908
values_661; 109; 17321; 4330.250; 158.908
values_662; 109; 17321; 4330.250; 158.908
values_663; 109; 17321; 4330.250; 158.908
values_664; 109; 17321; 4330.250; 158.908
values_665; 109; 17321; 4330.250; 158.908
values_666; 109; 17321; 4330.250; 158.908
values_667; 109; 17321; 4330.250; 158.908
values_668; 109; 17321; 4330.250; 158.908
values_669; 109; 17321; 4330.250; 158.908
values_67; 21; 3005; 751.250; 143.095
values_670; 69; 10589; 2647.250; 153.463
values_671; 69; 10589; 2647.250; 153.463
values_672; 69; 10589; 2647.250; 153.463
values_673; 69; 10589; 2647.250; 153.463
values_674; 69; 10589; 2647.250; 153.463
values_675; 69; 10589; 2647.250; 153.463
values_676; 69; 10589; 2647.250; 153.463
values_677; 69; 10589; 2647.250; 153.463
values_678; 69; 10589; 2647.250; 153.463
values_679; 69; 10589; 2647.250; 153.463
values_68; 21; 3005; 751.250; 143.095
values_680; 81; 12627; 3156.750; 155.888
values_681; 81; 12627; 3156.750; 155.888
values_682; 81; 12627; 3156.750; 155.888
values_683; 81; 12627; 3156.750; 155.888
values_684; 81; 12627; 3156.750; 155.888
values_685; 81; 12627; 3156.750; 155.888
values_686; 81; 12627; 3156.750; 155.888
values_687; 81; 12627; 3156.750; 155.888
values_688; 81; 12627; 3156.750; 155.888
values_689; 81; 12627; 3156.750; 155.888
values_69; 21; 3005; 751.250; 143.095
values_690; 85; 13309; 3327.250; 156.576
values_691; 85; 13309; 3327.250; 156.576
values_692; 85; 13309; 3327.250; 156.576
values_693; 85; 13309; 3327.250; 156.576
values_694; 85; 13309; 3327.250; 156.576
values_695; 85; 13309; 3327.250; 156.576
values_696; 85; 13309; 3327.250; 156.576
values_697; 85; 13309; 3327.250; 156.576
values_698; 85; 13309; 3327.250; 156.576
values_699; 85; 13309; 3327.250; 156.576
values_70; 17; 2267; 566.750; 133.352
values_700; 13; 1832; 458.000; 140.923
values_701; 13; 1832; 458.000; 140.923
values_702; 13; 1832; 458.000; 140.923
values_703; 13; 1832; 458.000; 140.923
values_704; 13; 1832; 458.000; 140.923
values_705; 13; 1832; 458.000; 140.923
values_706; 13; 1832; 458.000; 140.923
values_707; 13; 1832; 458.000; 140.923
values_708; 13; 1832; 458.000; 140.923
values_709; 13; 1832; 458.000; 140.923
values_71; 17; 2267; 566.750; 133.352
values_710; 69; 10414; 2603.500; 150.927
values_711; 69; 10414; 2603.500; 150.927
values_712; 69; 10414; 2603.500; 150.927
values_713; 69; 10414; 2603.500; 150.927
values_714; 69; 10414; 2603.500; 150.927
values_715; 69; 10414; 2603.500; 150.927
values_716; 69; 10414; 2603.500; 150.927
values_717; 69; 10414; 2603.500; 150.927
values_718; 69; 10414; 2603.500; 150.927
values_719; 69; 10414; 2603.500; 150.927
values_72; 17; 2267; 566.750; 133.352
values_720; 73; 11287; 2821.750; 154.616
values_721; 73; 11287; 2821.750; 154.616
values_722; 73; 11287; 2821.750; 154.616
values_723; 73; 11287; 2821.750; 154.616
values_724; 73; 11287; 2821.750; 154.616
values_725; 73; 11287; 2821.750; 154.616
values_726; 73; 11287; 2821.750; 154.616
values_727; 73; 11287; 2821.750; 154.616
values_728; 73; 11287; 2821.750; 154.616
values_729; 73; 11287; 2821.750; 154.616
values_73; 17; 2267; 566.750; 133.352
values_730; 101; 15989; 3997.250; 158.306
values_731; 101; 15989; 3997.250; 158.306
values_732; 101; 15989; 3997.250; 158.306
values_733; 101; 15989; 3997.250; 158.306
values_734; 101; 15989; 3997.250; 158.306
values_735; 101; 15989; 3997.250; 158.306
values_736; 101; 15989; 3997.250; 158.306
values_737; 101; 15989; 3997.250; 158.306
values_738; 101; 15989; 3997.250; 158.306
values_739; 101; 15989; 3997.250; 158.306
values_74; 17; 2267; 566.750; 133.352
values_740; 97; 15315; 3828.750; 157.886
values_741; 97; 15315; 3828.750; 157.886
values_742; 97; 15315; 3828.750; 157.886
values_743; 97; 15315; 3828.750; 157.886
values_744; 97; 15315; 3828.750; 157.886
values_745; 97; 15315; 3828.750; 157.886
values_746; 97; 15315; 3828.750; 157.886
values_747; 97; 15315; 3828.750; 157.886
values_748; 97; 15315; 3828.750; 157.886
values_749; 97; 15315; 3828.750; 157.886
values_75; 17; 2267; 566.750; 133.352
values_750; 93; 14442; 3610.500; 155.290
values_751; 93; 14442; 3610.500; 155.290
values_752; 93; 14442; 3610.500; 155.290
values_753; 93; 14442; 3610.500; 155.290
values_754; 93; 14442; 3610.500; 155.290
values_755; 93; 14442; 3610.500; 155.290
values_756; 93; 14442; 3610.500; 155.290
values_757; 93; 14442; 3610.500; 155.290
values_758; 93; 14442; 3610.500; 155.290
values_759; 93; 14442; 3610.500; 155.290
values_76; 17; 2267; 566.750; 133.352
values_760; 93; 14402; 3600.500; 154.860
values_761; 93; 14402; 3600.500; 154.860
values_762; 93; 14402; 3600.500; 154.860
values_763; 93; 14402; 3600.500; 154.860
values_764; 93; 14402; 3600.500; 154.860
values_765; 93; 14402; 3600.500; 154.860
values_766; 93; 14402; 3600.500; 154.860
values_767; 93; 14402; 3600.500; 154.860
values_768; 93; 14402; 3600.500; 154.860
values_769; 93; 14402; 3600.500; 154.860
values_77; 17; 2267; 566.750; 133.352
values_770; 73; 11263; 2815.750; 154.287
values_771; 73; 11263; 2815.750; 154.287
values_772; 73; 11263; 2815.750; 154.287
values_773; 73; 11263; 2815.750; 154.287
values_774; 73; 11263; 2815.750; 154.287
values_775; 73; 11263; 2815.750; 154.287
values_776; 73; 11263; 2815.750; 154.287
values_777; 73; 11263; 2815.750; 154.287
values_778; 73; 11263; 2815.750; 154.287
values_779; 73; 11263; 2815.750; 154.287
values_78; 17; 2267; 566.750; 133.352
values_780; 85; 13277; 3319.250; 156.200
values_781; 85; 13277; 3319.250; 156.200
values_782; 85; 13277; 3319.250; 156.200
values_783; 85; 13277; 3319.250; 156.200
values_784; 85; 13277; 3319.250; 156.200
values_785; 85; 13277; 3319.250; 156.200
values_786; 85; 13277; 3319.250; 156.200
values_787; 85; 13277; 3319.250; 156.200
values_788; 85; 13277; 3319.250; 156.200
values_789; 85; 13277; 3319.250; 156.200
values_79; 17; 2267; 566.750; 133.352
values_790; 73; 11303; 2825.750; 154.835
values_791; 73; 11303; 2825.750; 154.835
values_792; 73; 11303; 2825.750; 154.835
values_793; 73; 11303; 2825.750; 154.835
values_794; 73; 11303; 2825.750; 154.835
values_795; 73; 11303; 2825.750; 154.835
values_796; 73; 11303; 2825.750; 154.835
values_797; 73; 11303; 2825.750; 154.835
values_798; 73; 11303; 2825.750; 154.835
values_799; 73; 11303; 2825.750; 154.835
values_80; 21; 2981; 745.250; 141.952
values_800; 17; 2490; 622.500; 146.470
values_801; 17; 2490; 622.500; 146.470
values_802; 17; 2490; 622.500; 146.470
values_803; 17; 2490; 622.500; 146.470
values_804; 17; 2490; 622.500; 146.470
values_805; 17; 2490; 622.500; 146.470
values_806; 17; 2490; 622.500; 146.470
values_807; 17; 2490; 622.500; 146.470
values_808; 17; 2490; 622.500; 146.470
values_809; 17; 2490; 622.500; 146.470
values_81; 21; 2981; 745.250; 141.952
values_810; 101; 15726; 3931.500; 155.702
values_811; 101; 15726; 3931.500; 155.702
values_812; 101; 15726; 3931.500; 155.702
values_813; 101; 15726; 3931.500; 155.702
values_814; 101; 15726; 3931.500; 155.702
values_815; 101; 15726; 3931.500; 155.702
values_816; 101; 15726; 3931.500; 155.702
values_817; 101; 15726; 3931.500; 155.702
values_818; 101; 15726; 3931.500; 155.702
values_819; 101; 15726; 3931.500; 155.702
values_82; 21; 2981; 745.250; 141.952
values_820; 61; 9438; 2359.500; 154.721
values_821; 61; 9438; 2359.500; 154.721
values_822; 61; 9438; 2359.500; 154.721
values_823; 61; 9438; 2359.500; 154.721
values_824; 61; 9438; 2359.500; 154.721
values_825; 61; 9438; 2359.500; 154.721
values_826; 61; 9438; 2359.500; 154.721
values_827; 61; 9438; 2359.500; 154.721
values_828; 61; 9438; 2359.500; 154.721
values_829; 61; 9438; 2359.500; 154.721
values_83; 21; 2981; 745.250; 141.952
values_830; 85; 13094; 3273.500; 154.047
values_831; 85; 13094; 3273.500; 154.047
values_832; 85; 13094; 3273.500; 154.047
values_833; 85; 13094; 3273.500; 154.047
values_834; 85; 13094; 3273.500; 154.047
values_835; 85; 13094; 3273.500; 154.047
values_836; 85; 13094; 3273.500; 154.047
values_837; 85; 13094; 3273.500; 154.047
values_838; 85; 13094; 3273.500; 154.047
values_839; 85; 13094; 3273.500; 154.047
values_84; 21; 2981; 745.250; 141.952
values_840; 93; 14633; 3658.250; 157.344
values_841; 93; 14633; 3658.250; 157.344
values_842; 93; 14633; 3658.250; 157.344
values_843; 93; 14633; 3658.250; 157.344
values_844; 93; 14633; 3658.250; 157.344
values_845; 93; 14633; 3658.250; 157.344
values_846; 93; 14633; 3658.250; 157.344
values_847; 93; 14633; 3658.250; 157.344
values_848; 93; 14633; 3658.250; 157.344
values_849; 93; 14633; 3658.250; 157.344
values_85; 21; 2981; 745.250; 141.952
values_850; 97; 15116; 3779.000; 155.835
values_851; 97; 15116; 3779.000; 155.835
values_852; 97; 15116; 3779.000; 155.835
values_853; 97; 15116; 3779.000; 155.835
values_854; 97; 15116; 3779.000; 155.835
values_855; 97; 15116; 3779.000; 155.835
values_856; 97; 15116; 3779.000; 155.835
values_857; 97; 15116; 3779.000; 155.835
values_858; 97; 15116; 3779.000; 155.835
values_859; 97; 15116; 3779.000; 155.835
values_86; 21; 2981; 745.250; 141.952
values_860; 85; 13062; 3265.500; 153.670
values_861; 85; 13062; 3265.500; 153.670
values_862; 85; 13062; 3265.500; 153.670
values_863; 85; 13062; 3265.500; 153.670
values_864; 85; 13062; 3265.500; 153.670
values_865; 85; 13062; 3265.500; 153.670
values_866; 85; 13062; 3265.500; 153.670
values_867; 85; 13062; 3265.500; 153.670
values_868; 85; 13062; 3265.500; 153.670
values_869; 85; 13062; 3265.500; 153.670
values_87; 21; 2981; 745.250; 141.952
values_870; 85; 13277; 3319.250; 156.200
values_871; 85; 13277; 3319.250; 156.200
values_872; 85; 13277; 3319.250; 156.200
values_873; 85; 13277; 3319.250; 156.200
values_874; 85; 13277; 3319.250; 156.200
values_875; 85; 13277; 3319.250; 156.200
values_876; 85; 13277; 3319.250; 156.200
values_877; 85; 13277; 3319.250; 156.200
values_878; 85; 13277; 3319.250; 156.200
values_879; 85; 13277; 3319.250; 156.200
values_88; 21; 2981; 745.250; 141.952
values_880; 77; 11929; 2982.250; 154.922
values_881; 77; 11929; 2982.250; 154.922
values_882; 77; 11929; 2982.250; 154.922
values_883; 77; 11929; 2982.250; 154.922
values_884; 77; 11929; 2982.250; 154.922
values_885; 77; 11929; 2982.250; 154.922
values_886; 77; 11929; 2982.250; 154.922
values_887; 77; 11929; 2982.250; 154.922
values_888; 77; 11929; 2982.250; 154.922
values_889; 77; 11929; 2982.250; 154.922
values_89; 21; 2981; 745.250; 141.952
values_890; 85; 13309; 3327.250; 156.576
values_891; 85; 13309; 3327.250; 156.576
values_892; 85; 13309; 3327.250; 156.576
values_893; 85; 13309; 3327.250; 156.576
values_894; 85; 13309; 3327.250; 156.576
values_895; 85; 13309; 3327.250; 156.576
values_896; 85; 13309; 3327.250; 156.576
values_897; 85; 13309; 3327.250; 156.576
values_898; 85; 13309; 3327.250; 156.576
values_899; 85; 13309; 3327.250; 156.576
values_90; 21; 2957; 739.250; 140.809
values_900; 13; 1840; 460.000; 141.538
values_901; 13; 1840; 460.000; 141.538
values_902; 13; 1840; 460.000; 141.538
values_903; 13; 1840; 460.000; 141.538
values_904; 13; 1840; 460.000; 141.538
values_905; 13; 1840; 460.000; 141.538
values_906; 13; 1840; 460.000; 141.538
values_907; 13; 1840; 460.000; 141.538
values_908; 13; 1840; 460.000; 141.538
values_909; 13; 1840; 460.000; 141.538
values_91; 21; 2957; 739.250; 140.809
values_910; 117; 18462; 4615.500; 157.794
values_911; 117; 18462; 4615.500; 157.794
values_912; 117; 18462; 4615.500; 157.794
values_913; 117; 18462; 4615.500; 157.794
values_914; 117; 18462; 4615.500; 157.794
values_915; 117; 18462; 4615.500; 157.794
values_916; 117; 18462; 4615.500; 157.794
values_917; 117; 18462; 4615.500; 157.794
values_918; 117; 18462; 4615.500; 157.794
values_919; 117; 18462; 4615.500; 157.794
values_92; 21; 2957; 739.250; 140.809
values_920; 73; 11279; 2819.750; 154.506
values_921; 73; 11279; 2819.750; 154.506
values_922; 73; 11279; 2819.750; 154.506
values_923; 73; 11279; 2819.750; 154.506
values_924; 73; 11279; 2819.750; 154.506
values_925; 73; 11279; 2819.750; 154.506
values_926; 73; 11279; 2819.750; 154.506
values_927; 73; 11279; 2819.750; 154.506
values_928; 73; 11279; 2819.750; 154.506
values_929; 73; 11279; 2819.750; 154.506
values_93; 21; 2957; 739.250; 140.809
values_930; 61; 9289; 2322.250; 152.278
values_931; 61; 9289; 2322.250; 152.278
values_932; 61; 9289; 2322.250; 152.278
values_933; 61; 9289; 2322.250; 152.278
values_934; 61; 9289; 2322.250; 152.278
values_935; 61; 9289; 2322.250; 152.278
values_936; 61; 9289; 2322.250; 152.278
values_937; 61; 9289; 2322.250; 152.278
values_938; 61; 9289; 2322.250; 152.278
values_939; 61; 9289; 2322.250; 152.278
values_94; 21; 2957; 739.250; 140.809
values_940; 65; 9939; 2484.750; 152.907
values_941; 65; 9939; 2484.750; 152.907
values_942; 65; 9939; 2484.750; 152.907
values_943; 65; 9939; 2484.750; 152.907
values_944; 65; 9939; 2484.750; 152.907
values_945; 65; 9939; 2484.750; 152.907
values_946; 65; 9939; 2484.750; 152.907
values_947; 65; 9939; 2484.750; 152.907
values_948; 65; 9939; 2484.750; 152.907
values_949; 65; 9939; 2484.750; 152.907
values_95; 21; 2957; 739.250; 140.809
values_950; 85; 13086; 3271.500; 153.952
values_951; 85; 13086; 3271.500; 153.952
values_952; 85; 13086; 3271.500; 153.952
values_953; 85; 13086; 3271.500; 153.952
values_954; 85; 13086; 3271.500; 153.952
values_955; 85; 13086; 3271.500; 153.952
values_956; 85; 13086; 3271.500; 153.952
values_957; 85; 13086; 3271.500; 153.952
values_958; 85; 13086; 3271.500; 153.952
values_959; 85; 13086; 3271.500; 153.952
values_96; 21; 2957; 739.250; 140.809
values_960; 89; 13744; 3436.000; 154.426
values_961; 89; 13744; 3436.000; 154.426
values_962; 89; 13744; 3436.000; 154.426
values_963; 89; 13744; 3436.000; 154.426
values_964; 89; 13744; 3436.000; 154.426
values_965; 89; 13744; 3436.000; 154.426
values_966; 89; 13744; 3436.000; 154.426
values_967; 89; 13744; 3436.000; 154.426
values_968; 89; 13744; 3436.000; 154.426
values_969; 89; 13744; 3436.000; 154.426
values_97; 21; 2957; 739.250; 140.809
values_970; 77; 11953; 2988.250; 155.233
values_971; 77; 11953; 2988.250; 155.233
values_972; 77; 11953; 2988.250; 155.233
values_973; 77; 11953; 2988.250; 155.233
values_974; 77; 11953; 2988.250; 155.233
values_975; 77; 11953; 2988.250; 155.233
values_976; 77; 11953; 2988.250; 155.233
values_977; 77; 11953; 2988.250; 155.233
values_978; 77; 11953; 2988.250; 155.233
values_979; 77; 11953; 2988.250; 155.233
values_98; 21; 2957; 739.250; 140.809
values_980; 81; 12619; 3154.750; 155.790
values_981; 81; 12619; 3154.750; 155.790
values_982; 81; 12619; 3154.750; 155.790
values_983; 81; 12619; 3154.750; 155.790
values_984; 81; 12619; 3154.750; 155.790
values_985; 81; 12619; 3154.750; 155.790
values_986; 81; 12619; 3154.750; 155.790
values_987; 81; 12619; 3154.750; 155.790
values_988; 81; 12619; 3154.750; 155.790
values_989; 81; 12619; 3154.750; 155.790
values_99; 21; 2957; 739.250; 140.809
values_990; 77; 11937; 2984.250; 155.025
values_991; 77; 11937; 2984.250; 155.025
values_992; 77; 11937; 2984.250; 155.025
values_993; 77; 11937; 2984.250; 155.025
values_994; 77; 11937; 2984.250; 155.025
values_995; 77; 11937; 2984.250; 155.025
values_996; 77; 11937; 2984.250; 155.025
values_997; 77; 11937; 2984.250; 155.025
values_998; 77; 11937; 2984.250; 155.025
values_999; 77; 11937; 2984.250; 155.025
