Incite; Executed C Instr; Clock Cycle Effective; Execution Time; CC4CS;
values_00; 78; 694; 173.500; 8.897
values_01; 122; 1085; 271.250; 8.893
values_02; 122; 1085; 271.250; 8.893
values_03; 78; 694; 173.500; 8.897
values_04; 78; 694; 173.500; 8.897
values_05; 122; 1085; 271.250; 8.893
values_06; 78; 694; 173.500; 8.897
values_07; 78; 694; 173.500; 8.897
values_08; 78; 694; 173.500; 8.897
values_09; 78; 694; 173.500; 8.897
values_10; 151; 2359; 589.750; 15.622
values_100; 465; 7092; 1773.000; 15.251
values_101; 663; 10422; 2605.500; 15.719
values_102; 743; 11243; 2810.750; 15.131
values_103; 559; 9276; 2319.000; 16.593
values_104; 163; 2563; 640.750; 15.723
values_105; 605; 9739; 2434.750; 16.097
values_106; 661; 10394; 2598.500; 15.724
values_107; 701; 10770; 2692.500; 15.363
values_108; 701; 10789; 2697.250; 15.390
values_109; 689; 10675; 2668.750; 15.493
values_11; 203; 3285; 821.250; 16.182
values_110; 1762; 24926; 6231.500; 14.146
values_111; 1778; 25143; 6285.750; 14.141
values_112; 1562; 22833; 5708.250; 14.617
values_113; 1622; 23458; 5864.500; 14.462
values_114; 1774; 25088; 6272.000; 14.142
values_115; 1774; 25058; 6264.500; 14.125
values_116; 1822; 25552; 6388.000; 14.024
values_117; 1708; 24401; 6100.250; 14.286
values_118; 1794; 25319; 6329.750; 14.113
values_119; 1490; 22057; 5514.250; 14.803
values_12; 203; 3285; 821.250; 16.182
values_120; 2836; 29755; 7438.750; 10.491
values_121; 3042; 31853; 7963.250; 10.471
values_122; 2768; 29136; 7284.000; 10.526
values_123; 2862; 30095; 7523.750; 10.515
values_124; 2976; 31299; 7824.750; 10.517
values_125; 2906; 30560; 7640.000; 10.516
values_126; 2798; 29486; 7371.500; 10.538
values_127; 3034; 31753; 7938.250; 10.465
values_128; 2522; 26759; 6689.750; 10.610
values_129; 2608; 27588; 6897.000; 10.578
values_13; 151; 2359; 589.750; 15.622
values_130; 207; 3330; 832.500; 16.086
values_131; 95; 1387; 346.750; 14.600
values_132; 151; 2359; 589.750; 15.622
values_133; 95; 1387; 346.750; 14.600
values_134; 95; 1387; 346.750; 14.600
values_135; 185; 3122; 780.500; 16.875
values_136; 95; 1387; 346.750; 14.600
values_137; 151; 2359; 589.750; 15.622
values_138; 95; 1387; 346.750; 14.600
values_139; 203; 3285; 821.250; 16.182
values_14; 203; 3285; 821.250; 16.182
values_140; 95; 1387; 346.750; 14.600
values_141; 151; 2359; 589.750; 15.622
values_142; 185; 3122; 780.500; 16.875
values_143; 207; 3330; 832.500; 16.086
values_144; 151; 2359; 589.750; 15.622
values_145; 203; 3285; 821.250; 16.182
values_146; 95; 1387; 346.750; 14.600
values_147; 203; 3285; 821.250; 16.182
values_148; 203; 3285; 821.250; 16.182
values_149; 207; 3330; 832.500; 16.086
values_15; 95; 1387; 346.750; 14.600
values_150; 745; 11242; 2810.500; 15.089
values_151; 743; 11265; 2816.250; 15.161
values_152; 621; 9978; 2494.500; 16.067
values_153; 619; 9556; 2389.000; 15.437
values_154; 731; 11076; 2769.000; 15.151
values_155; 567; 8983; 2245.750; 15.843
values_156; 705; 10866; 2716.500; 15.412
values_157; 653; 9899; 2474.750; 15.159
values_158; 741; 11215; 2803.750; 15.134
values_159; 741; 11215; 2803.750; 15.134
values_16; 151; 2359; 589.750; 15.622
values_160; 5368; 68654; 17163.500; 12.789
values_161; 5226; 67402; 16850.500; 12.897
values_162; 5238; 67599; 16899.750; 12.905
values_163; 4966; 64595; 16148.750; 13.007
values_164; 4146; 56170; 14042.500; 13.547
values_165; 4554; 60562; 15140.500; 13.298
values_166; 5218; 67257; 16814.250; 12.889
values_167; 5058; 65459; 16364.750; 12.941
values_168; 4440; 59304; 14826.000; 13.356
values_169; 5434; 69451; 17362.750; 12.780
values_17; 207; 3330; 832.500; 16.086
values_170; 5282; 67806; 16951.500; 12.837
values_171; 5364; 68850; 17212.500; 12.835
values_172; 3518; 49697; 12424.250; 14.126
values_173; 5154; 66464; 16616.000; 12.895
values_174; 5306; 68182; 17045.500; 12.849
values_175; 5300; 67647; 16911.750; 12.763
values_176; 4314; 58035; 14508.750; 13.452
values_177; 5190; 66894; 16723.500; 12.889
values_178; 4520; 60067; 15016.750; 13.289
values_179; 5286; 67887; 16971.750; 12.842
values_18; 95; 1387; 346.750; 14.600
values_180; 5408; 69096; 17274.000; 12.776
values_181; 4898; 64015; 16003.750; 13.069
values_182; 5108; 66126; 16531.500; 12.945
values_183; 5438; 69456; 17364.000; 12.772
values_184; 5372; 68691; 17172.750; 12.786
values_185; 3370; 48137; 12034.250; 14.283
values_186; 5316; 68232; 17058.000; 12.835
values_187; 5292; 67956; 16989.000; 12.841
values_188; 3716; 51079; 12769.750; 13.745
values_189; 5388; 68905; 17226.250; 12.788
values_19; 185; 3122; 780.500; 16.875
values_190; 3403; 44845; 11211.250; 13.178
values_191; 3215; 42860; 10715.000; 13.331
values_192; 3393; 44689; 11172.250; 13.170
values_193; 3325; 44060; 11015.000; 13.251
values_194; 3317; 43983; 10995.750; 13.259
values_195; 3083; 41488; 10372.000; 13.457
values_196; 3399; 44800; 11200.000; 13.180
values_197; 2949; 40107; 10026.750; 13.600
values_198; 2781; 38055; 9513.750; 13.683
values_199; 3257; 43416; 10854.000; 13.330
values_20; 329; 5238; 1309.500; 15.920
values_200; 3368; 48040; 12010.000; 14.263
values_201; 5224; 67381; 16845.250; 12.898
values_202; 5420; 69337; 17334.250; 12.792
values_203; 4838; 63319; 15829.750; 13.087
values_204; 5392; 68917; 17229.250; 12.781
values_205; 4642; 61418; 15354.500; 13.230
values_206; 5442; 69579; 17394.750; 12.785
values_207; 5314; 68170; 17042.500; 12.828
values_208; 5406; 69157; 17289.250; 12.792
values_209; 5002; 65075; 16268.750; 13.009
values_21; 129; 1919; 479.750; 14.875
values_210; 2090; 32362; 8090.500; 15.484
values_211; 2398; 36154; 9038.500; 15.076
values_212; 2026; 31782; 7945.500; 15.687
values_213; 2324; 35090; 8772.500; 15.098
values_214; 1932; 30478; 7619.500; 15.775
values_215; 1868; 29732; 7433.000; 15.916
values_216; 2276; 34755; 8688.750; 15.270
values_217; 1712; 27595; 6898.750; 16.118
values_218; 2276; 34067; 8516.750; 14.967
values_219; 2356; 35395; 8848.750; 15.023
values_22; 399; 6360; 1590.000; 15.939
values_220; 1371; 19884; 4971.000; 14.503
values_221; 1429; 20423; 5105.750; 14.291
values_222; 1197; 18071; 4517.750; 15.096
values_223; 1511; 21315; 5328.750; 14.106
values_224; 1173; 17788; 4447.000; 15.164
values_225; 1527; 21604; 5401.000; 14.148
values_226; 1269; 18875; 4718.750; 14.873
values_227; 1567; 21865; 5466.250; 13.953
values_228; 1377; 19960; 4990.000; 14.495
values_229; 1565; 21893; 5473.250; 13.989
values_23; 369; 6059; 1514.750; 16.420
values_230; 3213; 42884; 10721.000; 13.347
values_231; 3297; 43699; 10924.750; 13.254
values_232; 3329; 44099; 11024.750; 13.246
values_233; 3317; 43941; 10985.250; 13.247
values_234; 3317; 43968; 10992.000; 13.255
values_235; 3295; 43600; 10900.000; 13.232
values_236; 2565; 36221; 9055.250; 14.121
values_237; 3251; 43304; 10826.000; 13.320
values_238; 3317; 43938; 10984.500; 13.246
values_239; 3235; 43133; 10783.250; 13.333
values_24; 381; 6201; 1550.250; 16.275
values_240; 621; 9573; 2393.250; 15.415
values_241; 745; 11282; 2820.500; 15.143
values_242; 667; 10467; 2616.750; 15.692
values_243; 659; 10355; 2588.750; 15.713
values_244; 739; 11177; 2794.250; 15.124
values_245; 737; 11159; 2789.750; 15.141
values_246; 729; 11032; 2758.000; 15.133
values_247; 657; 10338; 2584.500; 15.735
values_248; 739; 11187; 2796.750; 15.138
values_249; 707; 10859; 2714.750; 15.359
values_25; 441; 6796; 1699.000; 15.410
values_250; 1007; 15148; 3787.000; 15.042
values_251; 975; 14870; 3717.500; 15.251
values_252; 979; 14961; 3740.250; 15.281
values_253; 905; 13698; 3424.500; 15.135
values_254; 1109; 16253; 4063.250; 14.655
values_255; 977; 14911; 3727.750; 15.262
values_256; 905; 14072; 3518.000; 15.549
values_257; 1017; 15294; 3823.500; 15.038
values_258; 1067; 15804; 3951.000; 14.811
values_259; 1129; 16479; 4119.750; 14.596
values_26; 381; 6201; 1550.250; 16.275
values_260; 151; 2359; 589.750; 15.622
values_261; 207; 3330; 832.500; 16.086
values_262; 207; 3330; 832.500; 16.086
values_263; 151; 2359; 589.750; 15.622
values_264; 151; 2359; 589.750; 15.622
values_265; 185; 3122; 780.500; 16.875
values_266; 185; 3122; 780.500; 16.875
values_267; 185; 3122; 780.500; 16.875
values_268; 151; 2359; 589.750; 15.622
values_269; 185; 3122; 780.500; 16.875
values_27; 427; 6621; 1655.250; 15.505
values_270; 979; 14899; 3724.750; 15.218
values_271; 1109; 16242; 4060.500; 14.645
values_272; 1073; 15880; 3970.000; 14.799
values_273; 1013; 15214; 3803.500; 15.018
values_274; 969; 14784; 3696.000; 15.256
values_275; 1117; 16343; 4085.750; 14.631
values_276; 805; 12681; 3170.250; 15.752
values_277; 999; 15026; 3756.500; 15.041
values_278; 1067; 15782; 3945.500; 14.791
values_279; 1019; 15300; 3825.000; 15.014
values_28; 405; 6424; 1606.000; 15.861
values_280; 3227; 43009; 10752.250; 13.327
values_281; 3389; 44612; 11153.000; 13.163
values_282; 2927; 39917; 9979.250; 13.637
values_283; 3233; 43030; 10757.500; 13.309
values_284; 3237; 43101; 10775.250; 13.315
values_285; 3121; 41938; 10484.500; 13.437
values_286; 3205; 42337; 10584.250; 13.209
values_287; 3259; 42842; 10710.500; 13.145
values_288; 3287; 43612; 10903.000; 13.268
values_289; 3255; 43464; 10866.000; 13.352
values_29; 403; 6398; 1599.500; 15.875
values_290; 3936; 52525; 13131.250; 13.344
values_291; 4086; 54174; 13543.500; 13.258
values_292; 4522; 58407; 14601.750; 12.916
values_293; 4120; 53909; 13477.250; 13.084
values_294; 4328; 56492; 14123.000; 13.052
values_295; 4450; 57693; 14423.250; 12.964
values_296; 4444; 57749; 14437.250; 12.994
values_297; 3792; 51064; 12766.000; 13.466
values_298; 4532; 58570; 14642.500; 12.923
values_299; 4548; 58659; 14664.750; 12.897
values_30; 6353; 81334; 20333.500; 12.802
values_300; 428; 6774; 1693.500; 15.827
values_301; 550; 8427; 2106.750; 15.321
values_302; 566; 8546; 2136.500; 15.098
values_303; 570; 8591; 2147.750; 15.071
values_304; 506; 7979; 1994.750; 15.768
values_305; 540; 8318; 2079.500; 15.403
values_306; 582; 8740; 2185.000; 15.017
values_307; 584; 8759; 2189.750; 14.998
values_308; 546; 8382; 2095.500; 15.351
values_309; 468; 7184; 1796.000; 15.350
values_31; 6619; 84101; 21025.250; 12.705
values_310; 4071; 53125; 13281.250; 13.049
values_311; 3389; 46248; 11562.000; 13.646
values_312; 4155; 53972; 13493.000; 12.989
values_313; 4071; 53168; 13292.000; 13.060
values_314; 3777; 50242; 12560.500; 13.302
values_315; 3445; 46651; 11662.750; 13.541
values_316; 4033; 52690; 13172.500; 13.064
values_317; 4083; 53341; 13335.250; 13.064
values_318; 4125; 53701; 13425.250; 13.018
values_319; 3953; 51912; 12978.000; 13.132
values_32; 6583; 83165; 20791.250; 12.633
values_320; 530; 7777; 1944.250; 14.673
values_321; 238; 3566; 891.500; 14.983
values_322; 464; 7543; 1885.750; 16.256
values_323; 584; 8741; 2185.250; 14.967
values_324; 460; 7094; 1773.500; 15.421
values_325; 536; 8242; 2060.500; 15.376
values_326; 490; 7388; 1847.000; 15.077
values_327; 496; 7452; 1863.000; 15.024
values_328; 374; 6203; 1550.750; 16.585
values_329; 540; 8311; 2077.750; 15.390
values_33; 6125; 79162; 19790.500; 12.924
values_330; 1178; 17568; 4392.000; 14.913
values_331; 1340; 19266; 4816.500; 14.377
values_332; 1286; 18699; 4674.750; 14.540
values_333; 1344; 19343; 4835.750; 14.392
values_334; 1182; 17630; 4407.500; 14.915
values_335; 1274; 18548; 4637.000; 14.558
values_336; 1348; 19391; 4847.750; 14.385
values_337; 1168; 17427; 4356.750; 14.920
values_338; 1050; 16212; 4053.000; 15.440
values_339; 1286; 18686; 4671.500; 14.530
values_34; 6369; 81553; 20388.250; 12.804
values_340; 739; 11198; 2799.500; 15.152
values_341; 613; 9848; 2462.000; 16.065
values_342; 697; 10736; 2684.000; 15.403
values_343; 615; 9522; 2380.500; 15.482
values_344; 741; 11215; 2803.750; 15.134
values_345; 693; 10683; 2670.750; 15.415
values_346; 515; 8804; 2201.000; 17.095
values_347; 689; 10638; 2659.500; 15.439
values_348; 727; 11041; 2760.250; 15.187
values_349; 655; 10294; 2573.500; 15.716
values_35; 6705; 84484; 21121.000; 12.600
values_350; 6721; 85002; 21250.500; 12.647
values_351; 6463; 82405; 20601.250; 12.750
values_352; 6745; 85340; 21335.000; 12.652
values_353; 6835; 86188; 21547.000; 12.609
values_354; 6587; 83696; 20924.000; 12.706
values_355; 6633; 84212; 21053.000; 12.695
values_356; 6601; 83447; 20861.750; 12.641
values_357; 6735; 84766; 21191.500; 12.585
values_358; 6797; 85953; 21488.250; 12.645
values_359; 6663; 84281; 21070.250; 12.649
values_36; 6081; 78548; 19637.000; 12.916
values_360; 207; 3330; 832.500; 16.086
values_361; 207; 3330; 832.500; 16.086
values_362; 95; 1387; 346.750; 14.600
values_363; 95; 1387; 346.750; 14.600
values_364; 95; 1387; 346.750; 14.600
values_365; 95; 1387; 346.750; 14.600
values_366; 95; 1387; 346.750; 14.600
values_367; 95; 1387; 346.750; 14.600
values_368; 151; 2359; 589.750; 15.622
values_369; 95; 1387; 346.750; 14.600
values_37; 6479; 82623; 20655.750; 12.752
values_370; 649; 10237; 2559.250; 15.773
values_371; 741; 11226; 2806.500; 15.149
values_372; 727; 11023; 2755.750; 15.162
values_373; 699; 10782; 2695.500; 15.424
values_374; 647; 10220; 2555.000; 15.795
values_375; 691; 10681; 2670.250; 15.457
values_376; 669; 10495; 2623.750; 15.687
values_377; 665; 10450; 2612.500; 15.714
values_378; 471; 7938; 1984.500; 16.853
values_379; 659; 10355; 2588.750; 15.713
values_38; 6545; 83045; 20761.250; 12.688
values_380; 185; 3122; 780.500; 16.875
values_381; 185; 3122; 780.500; 16.875
values_382; 185; 3122; 780.500; 16.875
values_383; 151; 2359; 589.750; 15.622
values_384; 151; 2359; 589.750; 15.622
values_385; 151; 2359; 589.750; 15.622
values_386; 95; 1387; 346.750; 14.600
values_387; 151; 2359; 589.750; 15.622
values_388; 207; 3330; 832.500; 16.086
values_389; 151; 2359; 589.750; 15.622
values_39; 6219; 80006; 20001.500; 12.864
values_390; 4131; 53667; 13416.750; 12.991
values_391; 3679; 49228; 12307.000; 13.380
values_392; 4095; 53222; 13305.500; 12.996
values_393; 3873; 51125; 12781.250; 13.200
values_394; 4119; 53601; 13400.250; 13.013
values_395; 3859; 50954; 12738.500; 13.203
values_396; 4145; 53885; 13471.250; 13.000
values_397; 4023; 52564; 13141.000; 13.065
values_398; 4159; 54040; 13510.000; 12.993
values_399; 4139; 53806; 13451.500; 12.999
values_40; 1758; 24867; 6216.750; 14.145
values_400; 3454; 48861; 12215.250; 14.146
values_401; 3030; 44251; 11062.750; 14.604
values_402; 3084; 44789; 11197.250; 14.523
values_403; 3196; 46082; 11520.500; 14.418
values_404; 3556; 50009; 12502.250; 14.063
values_405; 3584; 50369; 12592.250; 14.053
values_406; 3510; 49109; 12277.250; 13.991
values_407; 3570; 50194; 12548.500; 14.059
values_408; 3738; 51925; 12981.250; 13.891
values_409; 3768; 52335; 13083.750; 13.889
values_41; 1758; 24883; 6220.750; 14.154
values_410; 3502; 49526; 12381.500; 14.142
values_411; 3160; 45145; 11286.250; 14.286
values_412; 3484; 49236; 12309.000; 14.132
values_413; 3356; 47733; 11933.250; 14.223
values_414; 3720; 51815; 12953.750; 13.928
values_415; 3754; 52200; 13050.000; 13.905
values_416; 3404; 48378; 12094.500; 14.212
values_417; 3434; 48341; 12085.250; 14.077
values_418; 3168; 45602; 11400.500; 14.394
values_419; 3462; 48956; 12239.000; 14.140
values_42; 1660; 23987; 5996.750; 14.450
values_420; 5258; 67775; 16943.750; 12.889
values_421; 5352; 68723; 17180.750; 12.840
values_422; 5090; 65903; 16475.750; 12.947
values_423; 5166; 66549; 16637.250; 12.882
values_424; 4780; 62886; 15721.500; 13.156
values_425; 5180; 66675; 16668.750; 12.871
values_426; 5392; 68942; 17235.500; 12.785
values_427; 5330; 68498; 17124.500; 12.851
values_428; 4646; 61434; 15358.500; 13.222
values_429; 5234; 67440; 16860.000; 12.884
values_43; 1650; 23813; 5953.250; 14.432
values_430; 4540; 58578; 14644.500; 12.902
values_431; 4298; 56260; 14065.000; 13.089
values_432; 4154; 54810; 13702.500; 13.194
values_433; 3520; 48233; 12058.250; 13.702
values_434; 4232; 55515; 13878.750; 13.117
values_435; 4538; 58625; 14656.250; 12.918
values_436; 4480; 58135; 14533.750; 12.976
values_437; 3764; 50458; 12614.500; 13.405
values_438; 4536; 58612; 14653.000; 12.921
values_439; 4326; 56416; 14104.000; 13.041
values_44; 1832; 25700; 6425.000; 14.028
values_440; 3985; 52306; 13076.500; 13.125
values_441; 4121; 53588; 13397.000; 13.003
values_442; 3845; 50719; 12679.750; 13.190
values_443; 4059; 53022; 13255.500; 13.062
values_444; 3969; 52083; 13020.750; 13.122
values_445; 3269; 44960; 11240.000; 13.753
values_446; 3951; 51827; 12956.750; 13.117
values_447; 4135; 53757; 13439.250; 13.000
values_448; 3853; 50902; 12725.500; 13.211
values_449; 4103; 53351; 13337.750; 13.002
values_45; 1828; 25634; 6408.500; 14.022
values_450; 961; 15596; 3899.000; 16.228
values_451; 1507; 21213; 5303.250; 14.076
values_452; 1483; 21013; 5253.250; 14.169
values_453; 1451; 20691; 5172.750; 14.259
values_454; 1567; 21928; 5482.000; 13.993
values_455; 1321; 18947; 4736.750; 14.342
values_456; 1451; 20720; 5180.000; 14.279
values_457; 1541; 21583; 5395.750; 14.005
values_458; 1441; 20546; 5136.500; 14.258
values_459; 1557; 21777; 5444.250; 13.986
values_46; 1664; 23959; 5989.750; 14.398
values_460; 2694; 28427; 7106.750; 10.551
values_461; 2974; 31249; 7812.250; 10.507
values_462; 3008; 31433; 7858.250; 10.449
values_463; 2544; 27064; 6766.000; 10.638
values_464; 2778; 29266; 7316.500; 10.534
values_465; 2700; 28492; 7123.000; 10.552
values_466; 2170; 23343; 5835.750; 10.757
values_467; 3028; 31708; 7927.000; 10.471
values_468; 2768; 29116; 7279.000; 10.518
values_469; 2974; 31214; 7803.500; 10.495
values_47; 1776; 25081; 6270.250; 14.122
values_470; 5441; 69933; 17483.250; 12.852
values_471; 5675; 72819; 18204.750; 12.831
values_472; 5871; 74652; 18663.000; 12.715
values_473; 5431; 69932; 17483.000; 12.876
values_474; 4963; 65085; 16271.250; 13.114
values_475; 5765; 73636; 18409.000; 12.772
values_476; 5753; 73500; 18375.000; 12.775
values_477; 5783; 73897; 18474.250; 12.778
values_478; 4961; 65459; 16364.750; 13.194
values_479; 5473; 70768; 17692.000; 12.930
values_48; 1752; 24829; 6207.250; 14.171
values_480; 78; 694; 173.500; 8.897
values_481; 122; 1085; 271.250; 8.893
values_482; 122; 1085; 271.250; 8.893
values_483; 122; 1085; 271.250; 8.893
values_484; 122; 1085; 271.250; 8.893
values_485; 78; 694; 173.500; 8.897
values_486; 78; 694; 173.500; 8.897
values_487; 78; 694; 173.500; 8.897
values_488; 122; 1085; 271.250; 8.893
values_489; 122; 1085; 271.250; 8.893
values_49; 1632; 23573; 5893.250; 14.444
values_490; 310; 2990; 747.500; 9.645
values_491; 256; 2491; 622.750; 9.730
values_492; 304; 2923; 730.750; 9.615
values_493; 304; 2923; 730.750; 9.615
values_494; 280; 2707; 676.750; 9.667
values_495; 180; 1787; 446.750; 9.927
values_496; 256; 2491; 622.750; 9.730
values_497; 306; 2945; 736.250; 9.624
values_498; 312; 3013; 753.250; 9.657
values_499; 112; 1150; 287.500; 10.267
values_50; 902; 9294; 2323.500; 10.303
values_500; 3144; 44267; 11066.750; 14.079
values_501; 4114; 54260; 13565.000; 13.189
values_502; 3726; 50345; 12586.250; 13.511
values_503; 4454; 57742; 14435.500; 12.964
values_504; 3976; 53043; 13260.750; 13.340
values_505; 4434; 57513; 14378.250; 12.970
values_506; 4424; 57426; 14356.500; 12.980
values_507; 4486; 58190; 14547.500; 12.971
values_508; 4466; 58016; 14504.000; 12.990
values_509; 4426; 57448; 14362.000; 12.979
values_51; 830; 8691; 2172.750; 10.471
values_510; 3389; 44617; 11154.250; 13.165
values_511; 3341; 44021; 11005.250; 13.175
values_512; 3279; 43502; 10875.500; 13.266
values_513; 3197; 42658; 10664.500; 13.343
values_514; 3145; 42269; 10567.250; 13.440
values_515; 3197; 42231; 10557.750; 13.209
values_516; 3387; 44671; 11167.750; 13.188
values_517; 3297; 43795; 10948.750; 13.283
values_518; 3151; 42273; 10568.250; 13.415
values_519; 3027; 41000; 10250.000; 13.544
values_52; 874; 9081; 2270.250; 10.390
values_520; 509; 8720; 2180.000; 17.131
values_521; 697; 10744; 2686.000; 15.414
values_522; 737; 11149; 2787.250; 15.127
values_523; 607; 9764; 2441.000; 16.085
values_524; 661; 10405; 2601.250; 15.741
values_525; 737; 11192; 2798.000; 15.185
values_526; 661; 10405; 2601.250; 15.741
values_527; 695; 10737; 2684.250; 15.448
values_528; 645; 10192; 2548.000; 15.801
values_529; 655; 9938; 2484.500; 15.172
values_53; 772; 8045; 2011.250; 10.420
values_530; 5424; 69345; 17336.250; 12.784
values_531; 5352; 68363; 17090.750; 12.773
values_532; 5238; 67595; 16898.750; 12.904
values_533; 5298; 68050; 17012.500; 12.844
values_534; 5318; 68289; 17072.250; 12.841
values_535; 5456; 69749; 17437.250; 12.783
values_536; 5168; 66671; 16667.750; 12.900
values_537; 5142; 66559; 16639.750; 12.944
values_538; 5158; 66535; 16633.750; 12.899
values_539; 4666; 61595; 15398.750; 13.200
values_54; 932; 9659; 2414.750; 10.363
values_540; 2643; 35629; 8907.250; 13.480
values_541; 2609; 34771; 8692.750; 13.327
values_542; 2699; 36119; 9029.750; 13.382
values_543; 2731; 36535; 9133.750; 13.377
values_544; 2641; 35629; 8907.250; 13.490
values_545; 2633; 35474; 8868.500; 13.472
values_546; 2503; 34165; 8541.250; 13.649
values_547; 2703; 36156; 9039.000; 13.376
values_548; 2557; 34675; 8668.750; 13.560
values_549; 2239; 31507; 7876.750; 14.071
values_55; 816; 8488; 2122.000; 10.401
values_550; 2855; 39192; 9798.000; 13.727
values_551; 3261; 43208; 10802.000; 13.249
values_552; 3201; 42701; 10675.250; 13.339
values_553; 2465; 35139; 8784.750; 14.255
values_554; 3333; 43959; 10989.750; 13.189
values_555; 3045; 41189; 10297.250; 13.526
values_556; 3073; 41496; 10374.000; 13.503
values_557; 3351; 44140; 11035.000; 13.172
values_558; 3325; 44022; 11005.500; 13.239
values_559; 3131; 42008; 10502.000; 13.416
values_56; 726; 7597; 1899.250; 10.464
values_560; 816; 8501; 2125.250; 10.417
values_561; 684; 7214; 1803.500; 10.546
values_562; 882; 9181; 2295.250; 10.409
values_563; 870; 9036; 2259.000; 10.386
values_564; 882; 9156; 2289.000; 10.380
values_565; 868; 9001; 2250.250; 10.369
values_566; 770; 8020; 2005.000; 10.415
values_567; 822; 8591; 2147.750; 10.451
values_568; 772; 8045; 2011.250; 10.420
values_569; 902; 9294; 2323.500; 10.303
values_57; 906; 9314; 2328.500; 10.280
values_570; 1323; 19379; 4844.750; 14.647
values_571; 1491; 21270; 5317.500; 14.265
values_572; 1055; 16584; 4146.000; 15.719
values_573; 1187; 17964; 4491.000; 15.133
values_574; 1201; 17733; 4433.250; 14.765
values_575; 1539; 21682; 5420.500; 14.088
values_576; 1475; 21063; 5265.750; 14.280
values_577; 1509; 21290; 5322.500; 14.108
values_578; 1431; 20469; 5117.250; 14.303
values_579; 1461; 20862; 5215.500; 14.279
values_58; 910; 9414; 2353.500; 10.345
values_580; 95; 1387; 346.750; 14.600
values_581; 203; 3285; 821.250; 16.182
values_582; 95; 1387; 346.750; 14.600
values_583; 207; 3330; 832.500; 16.086
values_584; 185; 3122; 780.500; 16.875
values_585; 151; 2359; 589.750; 15.622
values_586; 151; 2359; 589.750; 15.622
values_587; 151; 2359; 589.750; 15.622
values_588; 95; 1387; 346.750; 14.600
values_589; 151; 2359; 589.750; 15.622
values_59; 906; 9334; 2333.500; 10.302
values_590; 1276; 18611; 4652.750; 14.585
values_591; 1056; 16249; 4062.250; 15.387
values_592; 1198; 17843; 4460.750; 14.893
values_593; 1190; 17758; 4439.500; 14.922
values_594; 1326; 19092; 4773.000; 14.398
values_595; 1214; 17895; 4473.750; 14.740
values_596; 1284; 18707; 4676.750; 14.569
values_597; 1216; 17944; 4486.000; 14.756
values_598; 1108; 16798; 4199.500; 15.160
values_599; 1160; 17349; 4337.250; 14.956
values_60; 5585; 71924; 17981.000; 12.878
values_600; 5174; 66640; 16660.000; 12.879
values_601; 5250; 67394; 16848.500; 12.836
values_602; 4468; 59684; 14921.000; 13.358
values_603; 5294; 67887; 16971.750; 12.823
values_604; 5404; 69045; 17261.250; 12.776
values_605; 5216; 66797; 16699.250; 12.806
values_606; 5140; 66531; 16632.750; 12.943
values_607; 5222; 67386; 16846.500; 12.904
values_608; 5080; 65849; 16462.250; 12.962
values_609; 5434; 69419; 17354.750; 12.774
values_61; 5543; 71285; 17821.250; 12.860
values_610; 1061; 16628; 4157.000; 15.672
values_611; 1577; 22029; 5507.250; 13.968
values_612; 1201; 18146; 4536.500; 15.109
values_613; 1443; 20573; 5143.250; 14.257
values_614; 1337; 19550; 4887.500; 14.622
values_615; 1115; 17206; 4301.500; 15.431
values_616; 1571; 21948; 5487.000; 13.970
values_617; 1571; 21975; 5493.750; 13.987
values_618; 1429; 20452; 5113.000; 14.312
values_619; 1281; 19035; 4758.750; 14.859
values_62; 5341; 69480; 17370.000; 13.008
values_620; 2318; 35054; 8763.500; 15.122
values_621; 2306; 34869; 8717.250; 15.120
values_622; 2338; 35341; 8835.250; 15.115
values_623; 2172; 33412; 8353.000; 15.383
values_624; 2188; 33587; 8396.750; 15.350
values_625; 1954; 30877; 7719.250; 15.801
values_626; 1858; 29176; 7294.000; 15.702
values_627; 2404; 36185; 9046.250; 15.051
values_628; 2370; 35662; 8915.500; 15.047
values_629; 2042; 31928; 7982.000; 15.635
values_63; 5895; 74991; 18747.750; 12.721
values_630; 1573; 21953; 5488.250; 13.956
values_631; 1455; 20784; 5196.000; 14.284
values_632; 1395; 20166; 5041.500; 14.455
values_633; 1449; 20712; 5178.000; 14.293
values_634; 1415; 20433; 5108.250; 14.440
values_635; 1573; 21953; 5488.250; 13.956
values_636; 1555; 21761; 5440.250; 13.994
values_637; 1585; 22109; 5527.250; 13.948
values_638; 1561; 21777; 5444.250; 13.950
values_639; 1503; 21194; 5298.500; 14.101
values_64; 5485; 70956; 17739.000; 12.936
values_640; 904; 9334; 2333.500; 10.325
values_641; 764; 7945; 1986.250; 10.399
values_642; 722; 7577; 1894.250; 10.494
values_643; 820; 8503; 2125.750; 10.369
values_644; 684; 7209; 1802.250; 10.539
values_645; 834; 8713; 2178.250; 10.447
values_646; 776; 8095; 2023.750; 10.431
values_647; 824; 8583; 2145.750; 10.416
values_648; 884; 9181; 2295.250; 10.385
values_649; 820; 8543; 2135.750; 10.418
values_65; 5859; 74553; 18638.250; 12.724
values_650; 6569; 83705; 20926.250; 12.742
values_651; 6379; 81256; 20314.000; 12.738
values_652; 6575; 83582; 20895.500; 12.712
values_653; 6741; 85375; 21343.750; 12.665
values_654; 6877; 86692; 21673.000; 12.606
values_655; 6075; 78755; 19688.750; 12.963
values_656; 6511; 82969; 20742.250; 12.742
values_657; 6897; 86889; 21722.250; 12.598
values_658; 6441; 82188; 20547.000; 12.760
values_659; 6769; 85686; 21421.500; 12.658
values_66; 5735; 72905; 18226.250; 12.712
values_660; 689; 10653; 2663.250; 15.461
values_661; 697; 10733; 2683.250; 15.398
values_662; 691; 10703; 2675.750; 15.489
values_663; 659; 10366; 2591.500; 15.729
values_664; 527; 8538; 2134.500; 16.201
values_665; 731; 11097; 2774.250; 15.180
values_666; 531; 8220; 2055.000; 15.480
values_667; 653; 10293; 2573.250; 15.762
values_668; 611; 9820; 2455.000; 16.072
values_669; 647; 9804; 2451.000; 15.153
values_67; 5435; 70305; 17576.250; 12.935
values_670; 3204; 46127; 11531.750; 14.396
values_671; 3202; 46117; 11529.250; 14.402
values_672; 3770; 52445; 13111.250; 13.911
values_673; 3754; 52175; 13043.750; 13.898
values_674; 3554; 49934; 12483.500; 14.050
values_675; 3590; 50449; 12612.250; 14.052
values_676; 3736; 51865; 12966.250; 13.882
values_677; 3644; 50942; 12735.500; 13.979
values_678; 3102; 44989; 11247.250; 14.503
values_679; 3590; 50454; 12613.500; 14.054
values_68; 5859; 74545; 18636.250; 12.723
values_680; 878; 9111; 2277.750; 10.376
values_681; 876; 9096; 2274.000; 10.383
values_682; 916; 9484; 2371.000; 10.353
values_683; 788; 8265; 2066.250; 10.488
values_684; 928; 9624; 2406.000; 10.370
values_685; 786; 8235; 2058.750; 10.477
values_686; 738; 7762; 1940.500; 10.517
values_687; 828; 8618; 2154.500; 10.408
values_688; 738; 7742; 1935.500; 10.490
values_689; 684; 7229; 1807.250; 10.568
values_69; 5641; 71969; 17992.250; 12.758
values_690; 1059; 15706; 3926.500; 14.830
values_691; 1117; 16327; 4081.750; 14.616
values_692; 797; 12915; 3228.750; 16.204
values_693; 801; 12928; 3232.000; 16.139
values_694; 919; 14271; 3567.750; 15.528
values_695; 1125; 16391; 4097.750; 14.569
values_696; 1069; 15826; 3956.500; 14.804
values_697; 1007; 15146; 3786.500; 15.040
values_698; 1061; 15739; 3934.750; 14.834
values_699; 1117; 16343; 4085.750; 14.631
values_70; 3472; 49096; 12274.000; 14.140
values_700; 655; 10332; 2583.000; 15.774
values_701; 513; 8776; 2194.000; 17.107
values_702; 695; 10737; 2684.250; 15.448
values_703; 561; 9304; 2326.000; 16.584
values_704; 567; 8957; 2239.250; 15.797
values_705; 701; 10821; 2705.250; 15.436
values_706; 701; 10792; 2698.000; 15.395
values_707; 689; 10629; 2657.250; 15.426
values_708; 739; 11166; 2791.500; 15.109
values_709; 699; 10772; 2693.000; 15.410
values_71; 3274; 46905; 11726.250; 14.326
values_710; 3694; 51612; 12903.000; 13.971
values_711; 3466; 49066; 12266.500; 14.156
values_712; 3652; 51082; 12770.500; 13.987
values_713; 3666; 51227; 12806.750; 13.973
values_714; 3554; 50039; 12509.750; 14.079
values_715; 3554; 49964; 12491.000; 14.058
values_716; 3588; 50454; 12613.500; 14.061
values_717; 3734; 52025; 13006.250; 13.932
values_718; 3650; 51082; 12770.500; 13.995
values_719; 3710; 51570; 12892.500; 13.900
values_72; 3572; 50219; 12554.750; 14.059
values_720; 2619; 35333; 8833.250; 13.491
values_721; 2687; 35941; 8985.250; 13.375
values_722; 1955; 28513; 7128.250; 14.584
values_723; 2545; 34629; 8657.250; 13.606
values_724; 2347; 32693; 8173.250; 13.929
values_725; 2153; 30152; 7538.000; 14.004
values_726; 2487; 34082; 8520.500; 13.704
values_727; 2523; 34306; 8576.500; 13.597
values_728; 2707; 36197; 9049.250; 13.371
values_729; 2557; 34693; 8673.250; 13.567
values_73; 3730; 51910; 12977.500; 13.916
values_730; 818; 8513; 2128.250; 10.407
values_731; 880; 9116; 2279.000; 10.359
values_732; 928; 9609; 2402.250; 10.354
values_733; 824; 8568; 2142.000; 10.398
values_734; 750; 7940; 1985.000; 10.586
values_735; 774; 8138; 2034.500; 10.514
values_736; 910; 9384; 2346.000; 10.312
values_737; 836; 8698; 2174.500; 10.404
values_738; 836; 8733; 2183.250; 10.446
values_739; 736; 7722; 1930.500; 10.491
values_74; 3728; 51855; 12963.750; 13.909
values_740; 1212; 17884; 4471.000; 14.755
values_741; 1212; 17910; 4477.500; 14.777
values_742; 1270; 18510; 4627.500; 14.574
values_743; 1052; 16243; 4060.750; 15.440
values_744; 1038; 16052; 4013.000; 15.464
values_745; 1222; 17999; 4499.750; 14.729
values_746; 1292; 18789; 4697.250; 14.542
values_747; 1286; 18670; 4667.500; 14.517
values_748; 1118; 16977; 4244.250; 15.185
values_749; 1118; 16990; 4247.500; 15.196
values_75; 2904; 42803; 10700.750; 14.739
values_750; 4879; 62990; 15747.500; 12.910
values_751; 4421; 58281; 14570.250; 13.182
values_752; 4819; 62210; 15552.500; 12.909
values_753; 4449; 58549; 14637.250; 13.160
values_754; 4733; 61460; 15365.000; 12.985
values_755; 4781; 61967; 15491.750; 12.961
values_756; 5011; 64437; 16109.250; 12.859
values_757; 4203; 55962; 13990.500; 13.314
values_758; 5003; 64273; 16068.250; 12.846
values_759; 4533; 59357; 14839.250; 13.094
values_76; 3304; 47415; 11853.750; 14.350
values_760; 699; 10782; 2695.500; 15.424
values_761; 611; 9466; 2366.500; 15.492
values_762; 693; 10293; 2573.250; 14.852
values_763; 735; 11142; 2785.500; 15.159
values_764; 735; 11164; 2791.000; 15.189
values_765; 731; 11079; 2769.750; 15.155
values_766; 743; 11243; 2810.750; 15.131
values_767; 559; 9298; 2324.500; 16.633
values_768; 571; 8658; 2164.500; 15.162
values_769; 741; 11215; 2803.750; 15.134
values_77; 3734; 51895; 12973.750; 13.897
values_770; 506; 7972; 1993.000; 15.754
values_771; 146; 2188; 547.000; 14.986
values_772; 458; 7472; 1868.000; 16.314
values_773; 146; 2188; 547.000; 14.986
values_774; 536; 8236; 2059.000; 15.365
values_775; 544; 8349; 2087.250; 15.347
values_776; 376; 5827; 1456.750; 15.497
values_777; 574; 8643; 2160.750; 15.057
values_778; 506; 7979; 1994.750; 15.768
values_779; 582; 8733; 2183.250; 15.005
values_78; 3508; 49516; 12379.000; 14.115
values_780; 284; 2752; 688.000; 9.690
values_781; 316; 3058; 764.500; 9.677
values_782; 244; 2378; 594.500; 9.745
values_783; 112; 1150; 287.500; 10.267
values_784; 244; 2378; 594.500; 9.745
values_785; 112; 1150; 287.500; 10.267
values_786; 252; 2446; 611.500; 9.706
values_787; 220; 2162; 540.500; 9.827
values_788; 308; 2968; 742.000; 9.636
values_789; 244; 2378; 594.500; 9.745
values_79; 3734; 51915; 12978.750; 13.903
values_790; 6613; 83697; 20924.250; 12.656
values_791; 6691; 84769; 21192.250; 12.669
values_792; 6413; 82092; 20523.000; 12.800
values_793; 6521; 83184; 20796.000; 12.756
values_794; 6751; 85459; 21364.750; 12.658
values_795; 6267; 80619; 20154.750; 12.864
values_796; 6767; 85258; 21314.500; 12.599
values_797; 6227; 80018; 20004.500; 12.850
values_798; 6231; 80147; 20036.750; 12.862
values_799; 6491; 82845; 20711.250; 12.763
values_80; 1058; 16342; 4085.500; 15.446
values_800; 657; 10328; 2582.000; 15.719
values_801; 513; 8765; 2191.250; 17.085
values_802; 739; 11174; 2793.500; 15.120
values_803; 659; 10366; 2591.500; 15.729
values_804; 699; 10793; 2698.250; 15.440
values_805; 653; 10264; 2566.000; 15.718
values_806; 739; 11169; 2792.250; 15.113
values_807; 625; 9629; 2407.250; 15.406
values_808; 687; 10607; 2651.750; 15.439
values_809; 655; 10295; 2573.750; 15.717
values_81; 1038; 16050; 4012.500; 15.462
values_810; 3448; 48741; 12185.250; 14.136
values_811; 3566; 50049; 12512.250; 14.035
values_812; 3674; 51367; 12841.750; 13.981
values_813; 3648; 51077; 12769.250; 14.001
values_814; 3646; 50977; 12744.250; 13.981
values_815; 3228; 46487; 11621.750; 14.401
values_816; 3790; 52575; 13143.750; 13.872
values_817; 3778; 52550; 13137.500; 13.909
values_818; 3502; 49471; 12367.750; 14.126
values_819; 3366; 47948; 11987.000; 14.244
values_82; 1320; 19013; 4753.250; 14.403
values_820; 433; 6692; 1673.000; 15.454
values_821; 331; 5668; 1417.000; 17.123
values_822; 331; 5668; 1417.000; 17.123
values_823; 405; 6424; 1606.000; 15.861
values_824; 429; 6654; 1663.500; 15.510
values_825; 209; 3169; 792.250; 15.162
values_826; 439; 6763; 1690.750; 15.405
values_827; 401; 6379; 1594.750; 15.907
values_828; 401; 6379; 1594.750; 15.907
values_829; 425; 6609; 1652.250; 15.550
values_83; 1296; 18839; 4709.750; 14.536
values_830; 1268; 18457; 4614.250; 14.555
values_831; 1176; 17557; 4389.250; 14.929
values_832; 1170; 17485; 4371.250; 14.944
values_833; 984; 15492; 3873.000; 15.743
values_834; 1052; 15844; 3961.000; 15.060
values_835; 1326; 19005; 4751.250; 14.332
values_836; 1116; 16944; 4236.000; 15.182
values_837; 1098; 16664; 4166.000; 15.176
values_838; 1176; 17512; 4378.000; 14.891
values_839; 1162; 17380; 4345.000; 14.956
values_84; 1228; 18093; 4523.250; 14.733
values_840; 3135; 42112; 10528.000; 13.432
values_841; 3283; 43500; 10875.000; 13.250
values_842; 3359; 44322; 11080.500; 13.194
values_843; 3117; 41900; 10475.000; 13.442
values_844; 3385; 44556; 11139.000; 13.162
values_845; 3121; 41914; 10478.500; 13.429
values_846; 2759; 37812; 9453.000; 13.704
values_847; 3247; 43368; 10842.000; 13.356
values_848; 3301; 43737; 10934.250; 13.249
values_849; 2665; 37255; 9313.750; 13.979
values_85; 1326; 19117; 4779.250; 14.417
values_850; 1278; 18609; 4652.250; 14.561
values_851; 1310; 18859; 4714.750; 14.396
values_852; 1158; 17309; 4327.250; 14.947
values_853; 1286; 18711; 4677.750; 14.549
values_854; 1316; 18974; 4743.500; 14.417
values_855; 1268; 18065; 4516.250; 14.246
values_856; 1160; 17334; 4333.500; 14.943
values_857; 926; 14900; 3725.000; 16.090
values_858; 1180; 17632; 4408.000; 14.942
values_859; 1094; 16645; 4161.250; 15.214
values_86; 1322; 19045; 4761.250; 14.406
values_860; 5230; 67438; 16859.500; 12.894
values_861; 5140; 66587; 16646.750; 12.954
values_862; 5202; 66983; 16745.750; 12.876
values_863; 5122; 66351; 16587.750; 12.954
values_864; 5416; 69208; 17302.000; 12.778
values_865; 5290; 67889; 16972.250; 12.833
values_866; 3754; 52082; 13020.500; 13.873
values_867; 5344; 68348; 17087.000; 12.789
values_868; 5420; 69282; 17320.500; 12.782
values_869; 5334; 68510; 17127.500; 12.844
values_87; 1180; 17584; 4396.000; 14.901
values_870; 6314; 85339; 21334.750; 13.515
values_871; 6108; 83189; 20797.250; 13.619
values_872; 6356; 85769; 21442.250; 13.494
values_873; 6032; 82404; 20601.000; 13.661
values_874; 6220; 84289; 21072.250; 13.551
values_875; 6392; 86379; 21594.750; 13.513
values_876; 6078; 82959; 20739.750; 13.649
values_877; 5800; 79724; 19931.000; 13.745
values_878; 6126; 83364; 20841.000; 13.608
values_879; 6054; 82714; 20678.500; 13.662
values_88; 1186; 17265; 4316.250; 14.557
values_880; 3993; 52257; 13064.250; 13.087
values_881; 4171; 54167; 13541.750; 12.986
values_882; 3983; 51803; 12950.750; 13.006
values_883; 3793; 50329; 12582.250; 13.268
values_884; 3701; 49501; 12375.250; 13.375
values_885; 4145; 53864; 13466.000; 12.994
values_886; 3769; 49654; 12413.500; 13.174
values_887; 4131; 53623; 13405.750; 12.980
values_888; 3883; 51268; 12817.000; 13.203
values_889; 4151; 53943; 13485.750; 12.995
values_89; 1282; 18636; 4659.000; 14.536
values_890; 6471; 82608; 20652.000; 12.765
values_891; 6535; 83435; 20858.750; 12.767
values_892; 5869; 76407; 19101.750; 13.018
values_893; 6869; 86652; 21663.000; 12.614
values_894; 6693; 84765; 21191.250; 12.664
values_895; 6825; 86053; 21513.250; 12.608
values_896; 6769; 85700; 21425.000; 12.660
values_897; 6589; 83618; 20904.500; 12.690
values_898; 6757; 85493; 21373.250; 12.652
values_899; 6535; 83437; 20859.250; 12.767
values_90; 1057; 15681; 3920.250; 14.835
values_900; 1280; 18645; 4661.250; 14.566
values_901; 1338; 19252; 4813.000; 14.388
values_902; 1260; 18382; 4595.500; 14.588
values_903; 1344; 19327; 4831.750; 14.380
values_904; 1328; 19105; 4776.250; 14.386
values_905; 1288; 18733; 4683.250; 14.544
values_906; 1274; 18572; 4643.000; 14.577
values_907; 1336; 19192; 4798.000; 14.365
values_908; 1342; 19246; 4811.500; 14.341
values_909; 1170; 17514; 4378.500; 14.969
values_91; 967; 14759; 3689.750; 15.262
values_910; 185; 3122; 780.500; 16.875
values_911; 95; 1387; 346.750; 14.600
values_912; 151; 2359; 589.750; 15.622
values_913; 185; 3122; 780.500; 16.875
values_914; 207; 3330; 832.500; 16.086
values_915; 151; 2359; 589.750; 15.622
values_916; 151; 2359; 589.750; 15.622
values_917; 203; 3285; 821.250; 16.182
values_918; 185; 3122; 780.500; 16.875
values_919; 151; 2359; 589.750; 15.622
values_92; 1051; 15580; 3895.000; 14.823
values_920; 1156; 17286; 4321.500; 14.953
values_921; 1340; 19271; 4817.750; 14.381
values_922; 1348; 19351; 4837.750; 14.355
values_923; 1038; 16042; 4010.500; 15.454
values_924; 1208; 17812; 4453.000; 14.745
values_925; 1226; 18118; 4529.500; 14.778
values_926; 1232; 18160; 4540.000; 14.740
values_927; 1110; 16810; 4202.500; 15.144
values_928; 1290; 18763; 4690.750; 14.544
values_929; 1148; 17212; 4303.000; 14.993
values_93; 1065; 15749; 3937.250; 14.787
values_930; 1114; 16919; 4229.750; 15.187
values_931; 1224; 18025; 4506.250; 14.726
values_932; 1230; 18138; 4534.500; 14.746
values_933; 1310; 18874; 4718.500; 14.407
values_934; 1220; 17974; 4493.500; 14.732
values_935; 1230; 18174; 4543.500; 14.775
values_936; 1332; 19176; 4794.000; 14.396
values_937; 1228; 18051; 4512.750; 14.699
values_938; 1040; 16072; 4018.000; 15.453
values_939; 1340; 19258; 4814.500; 14.371
values_94; 1121; 16373; 4093.250; 14.605
values_940; 2919; 39977; 9994.250; 13.695
values_941; 2931; 39981; 9995.250; 13.640
values_942; 3153; 42285; 10571.250; 13.411
values_943; 3035; 41002; 10250.500; 13.509
values_944; 3203; 42681; 10670.250; 13.325
values_945; 3387; 44598; 11149.500; 13.167
values_946; 3221; 43012; 10753.000; 13.353
values_947; 3307; 43850; 10962.500; 13.259
values_948; 3263; 43530; 10882.500; 13.340
values_949; 3419; 44989; 11247.250; 13.158
values_95; 1125; 16466; 4116.500; 14.636
values_950; 733; 11104; 2776.000; 15.148
values_951; 661; 10383; 2595.750; 15.708
values_952; 741; 11226; 2806.500; 15.149
values_953; 671; 10523; 2630.750; 15.682
values_954; 627; 10051; 2512.750; 16.030
values_955; 647; 9793; 2448.250; 15.136
values_956; 729; 11043; 2760.750; 15.148
values_957; 737; 11159; 2789.750; 15.141
values_958; 607; 9764; 2441.000; 16.085
values_959; 163; 2563; 640.750; 15.723
values_96; 717; 12052; 3013.000; 16.808
values_960; 6152; 83564; 20891.000; 13.583
values_961; 6252; 84654; 21163.500; 13.540
values_962; 5866; 80464; 20116.000; 13.717
values_963; 6008; 81959; 20489.750; 13.641
values_964; 5554; 76666; 19166.500; 13.803
values_965; 6002; 81999; 20499.750; 13.661
values_966; 5648; 78124; 19531.000; 13.832
values_967; 6384; 86304; 21576.000; 13.518
values_968; 5896; 80954; 20238.500; 13.730
values_969; 5656; 78144; 19536.000; 13.816
values_97; 1073; 15869; 3967.250; 14.789
values_970; 3666; 51277; 12819.250; 13.987
values_971; 3664; 51122; 12780.500; 13.952
values_972; 2604; 39494; 9873.500; 15.166
values_973; 3512; 49551; 12387.750; 14.109
values_974; 3640; 50882; 12720.500; 13.978
values_975; 3574; 50264; 12566.000; 14.063
values_976; 3568; 50144; 12536.000; 14.053
values_977; 3192; 45997; 11499.250; 14.410
values_978; 3402; 48343; 12085.750; 14.210
values_979; 3752; 52155; 13038.750; 13.900
values_98; 1127; 16441; 4110.250; 14.588
values_980; 3104; 45039; 11259.750; 14.509
values_981; 3640; 50967; 12741.750; 14.001
values_982; 3604; 50599; 12649.750; 14.039
values_983; 3574; 50229; 12557.250; 14.054
values_984; 2454; 37741; 9435.250; 15.379
values_985; 3328; 47615; 11903.750; 14.307
values_986; 3508; 49571; 12392.750; 14.130
values_987; 3468; 49136; 12284.000; 14.168
values_988; 3616; 50709; 12677.250; 14.023
values_989; 3288; 47055; 11763.750; 14.311
values_99; 905; 14086; 3521.500; 15.564
values_990; 435; 6718; 1679.500; 15.443
values_991; 425; 6609; 1652.250; 15.550
values_992; 357; 5513; 1378.250; 15.442
values_993; 369; 6059; 1514.750; 16.420
values_994; 411; 6495; 1623.750; 15.802
values_995; 413; 6521; 1630.250; 15.789
values_996; 425; 6609; 1652.250; 15.550
values_997; 431; 6673; 1668.250; 15.482
values_998; 423; 6576; 1644.000; 15.546
values_999; 331; 5257; 1314.250; 15.882
