Incite; Executed C Instr; Clock Cycle Effective; Execution Time; CC4CS;
values_00; 57; 2076; 519.000; 36.421
values_01; 67; 2999; 749.750; 44.761
values_02; 83; 3642; 910.500; 43.879
values_03; 57; 2173; 543.250; 38.122
values_04; 57; 2154; 538.500; 37.789
values_05; 93; 4421; 1105.250; 47.537
values_06; 57; 2175; 543.750; 38.157
values_07; 57; 2126; 531.500; 37.298
values_08; 101; 4668; 1167.000; 46.217
values_09; 101; 4601; 1150.250; 45.554
values_10; 121; 7443; 1860.750; 61.512
values_100; 99; 4049; 1012.250; 40.898
values_101; 109; 4717; 1179.250; 43.275
values_102; 125; 5507; 1376.750; 44.056
values_103; 99; 4044; 1011.000; 40.848
values_104; 99; 4043; 1010.750; 40.838
values_105; 99; 4035; 1008.750; 40.757
values_106; 99; 4021; 1005.250; 40.616
values_107; 99; 4061; 1015.250; 41.020
values_108; 109; 4863; 1215.750; 44.614
values_109; 99; 4044; 1011.000; 40.848
values_11; 81; 4344; 1086.000; 53.629
values_110; 159; 9271; 2317.750; 58.308
values_111; 199; 12234; 3058.500; 61.477
values_112; 159; 9232; 2308.000; 58.062
values_113; 431; 28393; 7098.250; 65.877
values_114; 189; 11532; 2883.000; 61.015
values_115; 199; 12471; 3117.750; 62.668
values_116; 271; 17022; 4255.500; 62.811
values_117; 215; 13210; 3302.500; 61.441
values_118; 159; 9163; 2290.750; 57.628
values_119; 179; 10651; 2662.750; 59.502
values_12; 81; 4272; 1068.000; 52.740
values_120; 291; 16604; 4151.000; 57.058
values_121; 129; 6564; 1641.000; 50.883
values_122; 129; 6522; 1630.500; 50.558
values_123; 119; 5900; 1475.000; 49.579
values_124; 119; 5793; 1448.250; 48.680
values_125; 119; 5839; 1459.750; 49.067
values_126; 175; 9687; 2421.750; 55.354
values_127; 119; 5849; 1462.250; 49.151
values_128; 139; 7412; 1853.000; 53.323
values_129; 119; 5799; 1449.750; 48.731
values_13; 91; 5101; 1275.250; 56.054
values_130; 99; 4115; 1028.750; 41.565
values_131; 99; 4065; 1016.250; 41.060
values_132; 99; 3953; 988.250; 39.929
values_133; 99; 4064; 1016.000; 41.050
values_134; 109; 4776; 1194.000; 43.816
values_135; 99; 4008; 1002.000; 40.484
values_136; 99; 4013; 1003.250; 40.535
values_137; 135; 6239; 1559.750; 46.214
values_138; 99; 3964; 991.000; 40.040
values_139; 99; 4066; 1016.500; 41.070
values_14; 137; 8206; 2051.500; 59.897
values_140; 169; 9666; 2416.500; 57.195
values_141; 159; 8695; 2173.750; 54.685
values_142; 139; 7272; 1818.000; 52.316
values_143; 159; 8719; 2179.750; 54.836
values_144; 159; 8819; 2204.750; 55.465
values_145; 231; 13266; 3316.500; 57.428
values_146; 139; 7357; 1839.250; 52.928
values_147; 159; 8745; 2186.250; 55.000
values_148; 169; 9479; 2369.750; 56.088
values_149; 169; 9670; 2417.500; 57.218
values_15; 81; 4296; 1074.000; 53.037
values_150; 189; 11821; 2955.250; 62.544
values_151; 179; 10902; 2725.500; 60.905
values_152; 199; 12374; 3093.500; 62.180
values_153; 179; 10854; 2713.500; 60.636
values_154; 179; 10980; 2745.000; 61.340
values_155; 179; 10884; 2721.000; 60.804
values_156; 199; 12403; 3100.750; 62.326
values_157; 179; 10825; 2706.250; 60.474
values_158; 179; 10916; 2729.000; 60.983
values_159; 199; 12442; 3110.500; 62.522
values_16; 81; 4374; 1093.500; 54.000
values_160; 119; 5876; 1469.000; 49.378
values_161; 119; 5874; 1468.500; 49.361
values_162; 119; 5863; 1465.750; 49.268
values_163; 129; 6598; 1649.500; 51.147
values_164; 119; 5895; 1473.750; 49.537
values_165; 119; 5815; 1453.750; 48.865
values_166; 291; 16652; 4163.000; 57.223
values_167; 119; 5791; 1447.750; 48.663
values_168; 139; 7333; 1833.250; 52.755
values_169; 119; 5769; 1442.250; 48.478
values_17; 81; 4246; 1061.500; 52.419
values_170; 159; 9083; 2270.750; 57.125
values_171; 159; 9363; 2340.750; 58.886
values_172; 169; 10102; 2525.500; 59.775
values_173; 159; 9204; 2301.000; 57.886
values_174; 189; 11441; 2860.250; 60.534
values_175; 179; 10746; 2686.500; 60.033
values_176; 215; 13033; 3258.250; 60.618
values_177; 431; 28065; 7016.250; 65.116
values_178; 179; 10630; 2657.500; 59.385
values_179; 159; 9245; 2311.250; 58.144
values_18; 91; 5053; 1263.250; 55.527
values_180; 169; 9941; 2485.250; 58.822
values_181; 159; 9212; 2303.000; 57.937
values_182; 225; 13792; 3448.000; 61.297
values_183; 199; 12258; 3064.500; 61.597
values_184; 159; 9215; 2303.750; 57.955
values_185; 169; 10205; 2551.250; 60.384
values_186; 159; 9183; 2295.750; 57.754
values_187; 431; 28251; 7062.750; 65.547
values_188; 159; 9197; 2299.250; 57.842
values_189; 159; 9159; 2289.750; 57.603
values_19; 111; 6707; 1676.750; 60.423
values_190; 179; 10768; 2692.000; 60.156
values_191; 265; 17055; 4263.750; 64.358
values_192; 189; 11573; 2893.250; 61.232
values_193; 179; 10782; 2695.500; 60.234
values_194; 179; 10755; 2688.750; 60.083
values_195; 387; 25507; 6376.750; 65.909
values_196; 179; 10894; 2723.500; 60.860
values_197; 199; 12503; 3125.750; 62.829
values_198; 179; 10839; 2709.750; 60.553
values_199; 189; 11607; 2901.750; 61.412
values_20; 75; 3711; 927.750; 49.480
values_200; 113; 4721; 1180.250; 41.778
values_201; 261; 13032; 3258.000; 49.931
values_202; 139; 6149; 1537.250; 44.237
values_203; 261; 13156; 3289.000; 50.406
values_204; 113; 4623; 1155.750; 40.911
values_205; 113; 4642; 1160.500; 41.079
values_206; 113; 4678; 1169.500; 41.398
values_207; 261; 13087; 3271.750; 50.141
values_208; 139; 6142; 1535.500; 44.187
values_209; 113; 4647; 1161.750; 41.123
values_21; 65; 2908; 727.000; 44.738
values_210; 185; 10880; 2720.000; 58.810
values_211; 185; 10763; 2690.750; 58.178
values_212; 185; 10760; 2690.000; 58.162
values_213; 215; 13098; 3274.500; 60.920
values_214; 185; 10812; 2703.000; 58.443
values_215; 195; 11612; 2903.000; 59.548
values_216; 185; 10968; 2742.000; 59.286
values_217; 215; 13240; 3310.000; 61.581
values_218; 185; 10883; 2720.750; 58.827
values_219; 251; 15627; 3906.750; 62.258
values_22; 75; 3654; 913.500; 48.720
values_220; 157; 8362; 2090.500; 53.261
values_221; 209; 11428; 2857.000; 54.679
values_222; 137; 6811; 1702.750; 49.715
values_223; 147; 7523; 1880.750; 51.176
values_224; 137; 6818; 1704.500; 49.766
values_225; 137; 6781; 1695.250; 49.496
values_226; 147; 7463; 1865.750; 50.768
values_227; 137; 6690; 1672.500; 48.832
values_228; 137; 6803; 1700.750; 49.656
values_229; 137; 6885; 1721.250; 50.255
values_23; 65; 2916; 729.000; 44.861
values_230; 113; 4706; 1176.500; 41.646
values_231; 139; 6182; 1545.500; 44.474
values_232; 123; 5373; 1343.250; 43.682
values_233; 139; 6241; 1560.250; 44.899
values_234; 113; 4678; 1169.500; 41.398
values_235; 139; 6135; 1533.750; 44.136
values_236; 113; 4631; 1157.750; 40.982
values_237; 113; 4685; 1171.250; 41.460
values_238; 113; 4693; 1173.250; 41.530
values_239; 113; 4596; 1149.000; 40.672
values_24; 85; 4457; 1114.250; 52.435
values_240; 161; 8552; 2138.000; 53.118
values_241; 161; 8504; 2126.000; 52.819
values_242; 161; 8577; 2144.250; 53.273
values_243; 429; 26267; 6566.750; 61.228
values_244; 161; 8559; 2139.750; 53.161
values_245; 161; 8501; 2125.250; 52.801
values_246; 161; 8467; 2116.750; 52.590
values_247; 227; 13057; 3264.250; 57.519
values_248; 227; 13111; 3277.750; 57.757
values_249; 161; 8508; 2127.000; 52.844
values_25; 65; 2894; 723.500; 44.523
values_250; 209; 12858; 3214.500; 61.521
values_251; 219; 13483; 3370.750; 61.566
values_252; 209; 12782; 3195.500; 61.157
values_253; 229; 14465; 3616.250; 63.165
values_254; 209; 12840; 3210.000; 61.435
values_255; 229; 14084; 3521.000; 61.502
values_256; 239; 15137; 3784.250; 63.334
values_257; 219; 13516; 3379.000; 61.716
values_258; 219; 13421; 3355.250; 61.283
values_259; 209; 12707; 3176.750; 60.799
values_26; 65; 2909; 727.250; 44.753
values_260; 157; 8244; 2061.000; 52.509
values_261; 157; 8365; 2091.250; 53.280
values_262; 137; 6712; 1678.000; 48.992
values_263; 137; 6745; 1686.250; 49.233
values_264; 137; 6751; 1687.750; 49.277
values_265; 137; 6768; 1692.000; 49.401
values_266; 137; 6839; 1709.750; 49.919
values_267; 137; 6906; 1726.500; 50.408
values_268; 157; 8322; 2080.500; 53.006
values_269; 173; 9079; 2269.750; 52.479
values_27; 129; 6921; 1730.250; 53.651
values_270; 185; 10643; 2660.750; 57.529
values_271; 185; 10747; 2686.750; 58.091
values_272; 195; 11530; 2882.500; 59.128
values_273; 185; 10822; 2705.500; 58.497
values_274; 185; 10875; 2718.750; 58.783
values_275; 195; 11620; 2905.000; 59.589
values_276; 185; 10802; 2700.500; 58.389
values_277; 185; 10835; 2708.750; 58.567
values_278; 205; 12481; 3120.250; 60.882
values_279; 261; 16036; 4009.000; 61.440
values_28; 129; 6864; 1716.000; 53.209
values_280; 185; 10701; 2675.250; 57.843
values_281; 271; 16858; 4214.500; 62.206
values_282; 185; 10965; 2741.250; 59.270
values_283; 185; 10811; 2702.750; 58.437
values_284; 185; 10858; 2714.500; 58.691
values_285; 225; 13794; 3448.500; 61.306
values_286; 195; 11636; 2909.000; 59.671
values_287; 195; 11533; 2883.250; 59.143
values_288; 225; 13800; 3450.000; 61.333
values_289; 185; 10794; 2698.500; 58.345
values_29; 65; 2893; 723.250; 44.507
values_290; 229; 14347; 3586.750; 62.650
values_291; 219; 13946; 3486.500; 63.680
values_292; 209; 12773; 3193.250; 61.114
values_293; 219; 13774; 3443.500; 62.894
values_294; 229; 14497; 3624.250; 63.305
values_295; 209; 12753; 3188.250; 61.019
values_296; 209; 12791; 3197.750; 61.200
values_297; 209; 12743; 3185.750; 60.971
values_298; 209; 12782; 3195.500; 61.157
values_299; 209; 12854; 3213.500; 61.502
values_30; 93; 4369; 1092.250; 46.978
values_300; 57; 2097; 524.250; 36.789
values_301; 57; 2199; 549.750; 38.578
values_302; 83; 3650; 912.500; 43.975
values_303; 67; 2813; 703.250; 41.985
values_304; 57; 2197; 549.250; 38.543
values_305; 101; 4614; 1153.500; 45.683
values_306; 57; 2114; 528.500; 37.087
values_307; 101; 4558; 1139.500; 45.128
values_308; 57; 2145; 536.250; 37.631
values_309; 57; 2178; 544.500; 38.210
values_31; 57; 2174; 543.500; 38.140
values_310; 137; 8312; 2078.000; 60.671
values_311; 177; 11258; 2814.500; 63.604
values_312; 81; 4348; 1087.000; 53.679
values_313; 81; 4191; 1047.750; 51.740
values_314; 157; 9758; 2439.500; 62.152
values_315; 81; 4343; 1085.750; 53.617
values_316; 81; 4317; 1079.250; 53.296
values_317; 81; 4342; 1085.500; 53.604
values_318; 81; 4308; 1077.000; 53.185
values_319; 185; 11470; 2867.500; 62.000
values_32; 67; 2884; 721.000; 43.044
values_320; 129; 7012; 1753.000; 54.356
values_321; 65; 2878; 719.500; 44.276
values_322; 75; 3724; 931.000; 49.653
values_323; 65; 2922; 730.500; 44.953
values_324; 129; 6874; 1718.500; 53.286
values_325; 129; 7105; 1776.250; 55.077
values_326; 85; 4397; 1099.250; 51.729
values_327; 65; 2912; 728.000; 44.800
values_328; 65; 2931; 732.750; 45.092
values_329; 65; 2893; 723.250; 44.507
values_33; 101; 4587; 1146.750; 45.415
values_330; 101; 4619; 1154.750; 45.732
values_331; 57; 2155; 538.750; 37.807
values_332; 83; 3707; 926.750; 44.662
values_333; 57; 2152; 538.000; 37.754
values_334; 57; 2150; 537.500; 37.719
values_335; 83; 3621; 905.250; 43.626
values_336; 57; 2149; 537.250; 37.701
values_337; 57; 2183; 545.750; 38.298
values_338; 57; 2138; 534.500; 37.508
values_339; 57; 2164; 541.000; 37.964
values_34; 57; 2137; 534.250; 37.491
values_340; 93; 4989; 1247.250; 53.645
values_341; 73; 3475; 868.750; 47.602
values_342; 83; 4189; 1047.250; 50.469
values_343; 73; 3532; 883.000; 48.383
values_344; 103; 5715; 1428.750; 55.485
values_345; 73; 3484; 871.000; 47.726
values_346; 157; 8898; 2224.500; 56.675
values_347; 73; 3475; 868.750; 47.602
values_348; 73; 3495; 873.750; 47.876
values_349; 73; 3490; 872.500; 47.808
values_35; 57; 2158; 539.500; 37.859
values_350; 139; 8787; 2196.750; 63.215
values_351; 99; 5818; 1454.500; 58.767
values_352; 109; 6564; 1641.000; 60.220
values_353; 89; 4975; 1243.750; 55.898
values_354; 89; 5033; 1258.250; 56.550
values_355; 89; 5048; 1262.000; 56.719
values_356; 89; 4898; 1224.500; 55.033
values_357; 89; 5029; 1257.250; 56.505
values_358; 213; 13665; 3416.250; 64.154
values_359; 109; 6630; 1657.500; 60.825
values_36; 101; 4573; 1143.250; 45.277
values_360; 65; 2900; 725.000; 44.615
values_361; 129; 6893; 1723.250; 53.434
values_362; 85; 4500; 1125.000; 52.941
values_363; 129; 6941; 1735.250; 53.806
values_364; 129; 6905; 1726.250; 53.527
values_365; 85; 4441; 1110.250; 52.247
values_366; 65; 2885; 721.250; 44.384
values_367; 65; 2945; 736.250; 45.307
values_368; 65; 2907; 726.750; 44.723
values_369; 129; 7068; 1767.000; 54.790
values_37; 101; 4596; 1149.000; 45.504
values_370; 91; 5171; 1292.750; 56.824
values_371; 81; 4277; 1069.250; 52.802
values_372; 81; 4387; 1096.750; 54.160
values_373; 81; 4290; 1072.500; 52.962
values_374; 121; 7661; 1915.250; 63.314
values_375; 177; 11250; 2812.500; 63.559
values_376; 81; 4353; 1088.250; 53.740
values_377; 91; 5032; 1258.000; 55.296
values_378; 81; 4295; 1073.750; 53.024
values_379; 121; 7377; 1844.250; 60.966
values_38; 101; 4444; 1111.000; 44.000
values_380; 121; 7443; 1860.750; 61.512
values_381; 111; 6602; 1650.500; 59.477
values_382; 81; 4300; 1075.000; 53.086
values_383; 147; 8858; 2214.500; 60.258
values_384; 81; 4374; 1093.500; 54.000
values_385; 81; 4310; 1077.500; 53.209
values_386; 81; 4307; 1076.750; 53.172
values_387; 81; 4262; 1065.500; 52.617
values_388; 81; 4326; 1081.500; 53.407
values_389; 111; 6621; 1655.250; 59.648
values_39; 57; 2166; 541.500; 38.000
values_390; 119; 7399; 1849.750; 62.176
values_391; 89; 4998; 1249.500; 56.157
values_392; 99; 5799; 1449.750; 58.575
values_393; 139; 8884; 2221.000; 63.913
values_394; 109; 6497; 1624.250; 59.605
values_395; 99; 5901; 1475.250; 59.606
values_396; 129; 8009; 2002.250; 62.085
values_397; 89; 4932; 1233.000; 55.415
values_398; 89; 4955; 1238.750; 55.674
values_399; 139; 8895; 2223.750; 63.992
values_40; 93; 4903; 1225.750; 52.720
values_400; 139; 6139; 1534.750; 44.165
values_401; 113; 4656; 1164.000; 41.203
values_402; 139; 6173; 1543.250; 44.410
values_403; 261; 13303; 3325.750; 50.969
values_404; 113; 4605; 1151.250; 40.752
values_405; 113; 4698; 1174.500; 41.575
values_406; 261; 13069; 3267.250; 50.072
values_407; 123; 5434; 1358.500; 44.178
values_408; 261; 13280; 3320.000; 50.881
values_409; 261; 12920; 3230.000; 49.501
values_41; 129; 7233; 1808.250; 56.069
values_410; 513; 33530; 8382.500; 65.360
values_411; 185; 10857; 2714.250; 58.686
values_412; 205; 12343; 3085.750; 60.209
values_413; 185; 10752; 2688.000; 58.118
values_414; 195; 11535; 2883.750; 59.153
values_415; 185; 10776; 2694.000; 58.248
values_416; 185; 10861; 2715.250; 58.708
values_417; 215; 13214; 3303.500; 61.460
values_418; 205; 12481; 3120.250; 60.882
values_419; 185; 10717; 2679.250; 57.929
values_42; 129; 7218; 1804.500; 55.953
values_420; 137; 6791; 1697.750; 49.569
values_421; 147; 7553; 1888.250; 51.380
values_422; 137; 6844; 1711.000; 49.956
values_423; 147; 7526; 1881.500; 51.197
values_424; 157; 8337; 2084.250; 53.101
values_425; 137; 6778; 1694.500; 49.474
values_426; 137; 6744; 1686.000; 49.226
values_427; 137; 6681; 1670.250; 48.766
values_428; 137; 6816; 1704.000; 49.751
values_429; 137; 6788; 1697.000; 49.547
values_43; 73; 3482; 870.500; 47.698
values_430; 113; 4747; 1186.750; 42.008
values_431; 113; 4608; 1152.000; 40.778
values_432; 261; 12952; 3238.000; 49.624
values_433; 113; 4693; 1173.250; 41.530
values_434; 261; 12921; 3230.250; 49.505
values_435; 123; 5495; 1373.750; 44.674
values_436; 113; 4777; 1194.250; 42.274
values_437; 113; 4600; 1150.000; 40.707
values_438; 113; 4707; 1176.750; 41.654
values_439; 113; 4638; 1159.500; 41.044
values_44; 73; 3441; 860.250; 47.136
values_440; 181; 10033; 2508.250; 55.430
values_441; 191; 10769; 2692.250; 56.382
values_442; 181; 9974; 2493.500; 55.104
values_443; 191; 10766; 2691.500; 56.366
values_444; 161; 8544; 2136.000; 53.068
values_445; 161; 8606; 2151.500; 53.453
values_446; 181; 10021; 2505.250; 55.364
values_447; 161; 8575; 2143.750; 53.260
values_448; 161; 8482; 2120.500; 52.683
values_449; 161; 8570; 2142.500; 53.229
values_45; 73; 3458; 864.500; 47.369
values_450; 219; 13506; 3376.500; 61.671
values_451; 209; 12756; 3189.000; 61.033
values_452; 229; 14417; 3604.250; 62.956
values_453; 209; 12791; 3197.750; 61.200
values_454; 209; 12816; 3204.000; 61.320
values_455; 597; 40340; 10085.000; 67.571
values_456; 249; 15759; 3939.750; 63.289
values_457; 239; 15046; 3761.500; 62.953
values_458; 209; 12853; 3213.250; 61.497
values_459; 209; 12678; 3169.500; 60.660
values_46; 83; 4229; 1057.250; 50.951
values_460; 137; 6807; 1701.750; 49.686
values_461; 147; 7481; 1870.250; 50.891
values_462; 137; 6681; 1670.250; 48.766
values_463; 137; 6835; 1708.750; 49.890
values_464; 147; 7553; 1888.250; 51.380
values_465; 137; 6761; 1690.250; 49.350
values_466; 345; 20036; 5009.000; 58.075
values_467; 147; 7633; 1908.250; 51.925
values_468; 137; 6797; 1699.250; 49.613
values_469; 137; 6914; 1728.500; 50.467
values_47; 93; 4950; 1237.500; 53.225
values_470; 185; 11022; 2755.500; 59.578
values_471; 215; 13000; 3250.000; 60.465
values_472; 195; 11655; 2913.750; 59.769
values_473; 185; 10784; 2696.000; 58.291
values_474; 185; 10722; 2680.500; 57.956
values_475; 185; 10765; 2691.250; 58.189
values_476; 185; 10859; 2714.750; 58.697
values_477; 205; 12406; 3101.500; 60.517
values_478; 185; 10891; 2722.750; 58.870
values_479; 185; 10894; 2723.500; 58.886
values_48; 73; 3509; 877.250; 48.068
values_480; 185; 10798; 2699.500; 58.367
values_481; 185; 10839; 2709.750; 58.589
values_482; 185; 10803; 2700.750; 58.394
values_483; 185; 10789; 2697.250; 58.318
values_484; 185; 10847; 2711.750; 58.632
values_485; 185; 10837; 2709.250; 58.578
values_486; 195; 11601; 2900.250; 59.492
values_487; 225; 13978; 3494.500; 62.124
values_488; 205; 12389; 3097.250; 60.434
values_489; 195; 11608; 2902.000; 59.528
values_49; 103; 5750; 1437.500; 55.825
values_490; 209; 12783; 3195.750; 61.162
values_491; 219; 13651; 3412.750; 62.333
values_492; 219; 13532; 3383.000; 61.789
values_493; 229; 14210; 3552.500; 62.052
values_494; 229; 14419; 3604.750; 62.965
values_495; 249; 15961; 3990.250; 64.100
values_496; 209; 12906; 3226.500; 61.751
values_497; 229; 14366; 3591.500; 62.733
values_498; 209; 12950; 3237.500; 61.961
values_499; 209; 12777; 3194.250; 61.133
values_50; 89; 4958; 1239.500; 55.707
values_500; 113; 4595; 1148.750; 40.663
values_501; 123; 5361; 1340.250; 43.585
values_502; 113; 4731; 1182.750; 41.867
values_503; 113; 4561; 1140.250; 40.362
values_504; 139; 6126; 1531.500; 44.071
values_505; 139; 6061; 1515.250; 43.604
values_506; 113; 4720; 1180.000; 41.769
values_507; 261; 13143; 3285.750; 50.356
values_508; 113; 4657; 1164.250; 41.212
values_509; 113; 4655; 1163.750; 41.194
values_51; 129; 8106; 2026.500; 62.837
values_510; 261; 16067; 4016.750; 61.559
values_511; 261; 16284; 4071.000; 62.390
values_512; 195; 11572; 2893.000; 59.343
values_513; 185; 10794; 2698.500; 58.345
values_514; 195; 11669; 2917.250; 59.841
values_515; 195; 11614; 2903.500; 59.558
values_516; 185; 10890; 2722.500; 58.864
values_517; 225; 13961; 3490.250; 62.048
values_518; 185; 10862; 2715.500; 58.713
values_519; 225; 13834; 3458.500; 61.484
values_52; 89; 5085; 1271.250; 57.134
values_520; 157; 8269; 2067.250; 52.668
values_521; 147; 7547; 1886.750; 51.340
values_522; 173; 9152; 2288.000; 52.901
values_523; 137; 6751; 1687.750; 49.277
values_524; 345; 19852; 4963.000; 57.542
values_525; 147; 7635; 1908.750; 51.938
values_526; 157; 8228; 2057.000; 52.407
values_527; 157; 8190; 2047.500; 52.165
values_528; 219; 12191; 3047.750; 55.666
values_529; 137; 6771; 1692.750; 49.423
values_53; 89; 5045; 1261.250; 56.685
values_530; 113; 4720; 1180.000; 41.769
values_531; 149; 6759; 1689.750; 45.362
values_532; 139; 6177; 1544.250; 44.438
values_533; 149; 6842; 1710.500; 45.919
values_534; 261; 13144; 3286.000; 50.360
values_535; 113; 4693; 1173.250; 41.530
values_536; 113; 4629; 1157.250; 40.964
values_537; 261; 13105; 3276.250; 50.210
values_538; 123; 5372; 1343.000; 43.674
values_539; 261; 13157; 3289.250; 50.409
values_54; 89; 4961; 1240.250; 55.741
values_540; 429; 26141; 6535.250; 60.934
values_541; 181; 10063; 2515.750; 55.596
values_542; 181; 9950; 2487.500; 54.972
values_543; 161; 8548; 2137.000; 53.093
values_544; 161; 8463; 2115.750; 52.565
values_545; 429; 26428; 6607.000; 61.603
values_546; 171; 9233; 2308.250; 53.994
values_547; 191; 10826; 2706.500; 56.680
values_548; 161; 8616; 2154.000; 53.515
values_549; 161; 8639; 2159.750; 53.658
values_55; 89; 5027; 1256.750; 56.483
values_550; 209; 12674; 3168.500; 60.641
values_551; 209; 12804; 3201.000; 61.263
values_552; 209; 12854; 3213.500; 61.502
values_553; 209; 12791; 3197.750; 61.200
values_554; 209; 12924; 3231.000; 61.837
values_555; 209; 12818; 3204.500; 61.330
values_556; 249; 15937; 3984.250; 64.004
values_557; 209; 13011; 3252.750; 62.253
values_558; 249; 16031; 4007.750; 64.381
values_559; 597; 40329; 10082.250; 67.552
values_56; 129; 8061; 2015.250; 62.488
values_560; 147; 7577; 1894.250; 51.544
values_561; 137; 6838; 1709.500; 49.912
values_562; 137; 6732; 1683.000; 49.138
values_563; 173; 9014; 2253.500; 52.104
values_564; 345; 20020; 5005.000; 58.028
values_565; 147; 7599; 1899.750; 51.693
values_566; 137; 6855; 1713.750; 50.036
values_567; 137; 6871; 1717.750; 50.153
values_568; 245; 13734; 3433.500; 56.057
values_569; 345; 20107; 5026.750; 58.281
values_57; 89; 4913; 1228.250; 55.202
values_570; 195; 11607; 2901.750; 59.523
values_571; 195; 11600; 2900.000; 59.487
values_572; 241; 14680; 3670.000; 60.912
values_573; 185; 10742; 2685.500; 58.064
values_574; 195; 11518; 2879.500; 59.066
values_575; 185; 10829; 2707.250; 58.535
values_576; 185; 10826; 2706.500; 58.518
values_577; 185; 10798; 2699.500; 58.367
values_578; 185; 10700; 2675.000; 57.837
values_579; 225; 13770; 3442.500; 61.200
values_58; 99; 5778; 1444.500; 58.363
values_580; 185; 10832; 2708.000; 58.551
values_581; 271; 16995; 4248.750; 62.712
values_582; 215; 13153; 3288.250; 61.176
values_583; 205; 12654; 3163.500; 61.726
values_584; 185; 10863; 2715.750; 58.718
values_585; 205; 12389; 3097.250; 60.434
values_586; 185; 10960; 2740.000; 59.243
values_587; 185; 10836; 2709.000; 58.572
values_588; 185; 10850; 2712.500; 58.648
values_589; 195; 11624; 2906.000; 59.610
values_59; 89; 5080; 1270.000; 57.078
values_590; 209; 12793; 3198.250; 61.210
values_591; 219; 13619; 3404.750; 62.187
values_592; 209; 12860; 3215.000; 61.531
values_593; 219; 13598; 3399.500; 62.091
values_594; 219; 13541; 3385.250; 61.831
values_595; 249; 15997; 3999.250; 64.244
values_596; 219; 13535; 3383.750; 61.803
values_597; 219; 13599; 3399.750; 62.095
values_598; 219; 13691; 3422.750; 62.515
values_599; 259; 16646; 4161.500; 64.270
values_60; 65; 2872; 718.000; 44.184
values_600; 139; 6110; 1527.500; 43.956
values_601; 113; 4628; 1157.000; 40.955
values_602; 113; 4597; 1149.250; 40.681
values_603; 261; 13017; 3254.250; 49.873
values_604; 139; 6136; 1534.000; 44.143
values_605; 113; 4645; 1161.250; 41.106
values_606; 113; 4674; 1168.500; 41.362
values_607; 113; 4631; 1157.750; 40.982
values_608; 123; 5394; 1348.500; 43.853
values_609; 113; 4668; 1167.000; 41.309
values_61; 65; 2888; 722.000; 44.430
values_610; 195; 11824; 2956.000; 60.635
values_611; 195; 11722; 2930.500; 60.112
values_612; 205; 12313; 3078.250; 60.063
values_613; 185; 10903; 2725.750; 58.935
values_614; 241; 14897; 3724.250; 61.813
values_615; 185; 10897; 2724.250; 58.902
values_616; 185; 10763; 2690.750; 58.178
values_617; 185; 10805; 2701.250; 58.405
values_618; 205; 12517; 3129.250; 61.058
values_619; 185; 10923; 2730.750; 59.043
values_62; 65; 2905; 726.250; 44.692
values_620; 137; 6942; 1735.500; 50.671
values_621; 137; 6734; 1683.500; 49.153
values_622; 157; 8415; 2103.750; 53.598
values_623; 137; 6835; 1708.750; 49.890
values_624; 137; 6768; 1692.000; 49.401
values_625; 173; 9192; 2298.000; 53.132
values_626; 137; 6788; 1697.000; 49.547
values_627; 345; 20118; 5029.500; 58.313
values_628; 157; 8250; 2062.500; 52.547
values_629; 137; 6786; 1696.500; 49.532
values_63; 65; 2893; 723.250; 44.507
values_630; 123; 5455; 1363.750; 44.349
values_631; 113; 4676; 1169.000; 41.380
values_632; 165; 7736; 1934.000; 46.884
values_633; 123; 5371; 1342.750; 43.666
values_634; 113; 4660; 1165.000; 41.238
values_635; 113; 4729; 1182.250; 41.849
values_636; 123; 5331; 1332.750; 43.341
values_637; 113; 4597; 1149.250; 40.681
values_638; 113; 4630; 1157.500; 40.973
values_639; 261; 13023; 3255.750; 49.896
values_64; 65; 2860; 715.000; 44.000
values_640; 161; 8534; 2133.500; 53.006
values_641; 161; 8487; 2121.750; 52.714
values_642; 227; 13066; 3266.500; 57.559
values_643; 171; 9301; 2325.250; 54.391
values_644; 161; 8564; 2141.000; 53.192
values_645; 171; 9278; 2319.500; 54.257
values_646; 161; 8579; 2144.750; 53.285
values_647; 207; 11437; 2859.250; 55.251
values_648; 253; 14749; 3687.250; 58.296
values_649; 429; 26210; 6552.500; 61.095
values_65; 129; 6979; 1744.750; 54.100
values_650; 209; 12833; 3208.250; 61.401
values_651; 229; 14307; 3576.750; 62.475
values_652; 229; 14393; 3598.250; 62.851
values_653; 229; 14256; 3564.000; 62.253
values_654; 239; 15201; 3800.250; 63.602
values_655; 259; 16556; 4139.000; 63.922
values_656; 249; 15723; 3930.750; 63.144
values_657; 249; 16029; 4007.250; 64.373
values_658; 229; 14205; 3551.250; 62.030
values_659; 219; 13605; 3401.250; 62.123
values_66; 65; 2967; 741.750; 45.646
values_660; 137; 6852; 1713.000; 50.014
values_661; 157; 8319; 2079.750; 52.987
values_662; 137; 6737; 1684.250; 49.175
values_663; 157; 8337; 2084.250; 53.101
values_664; 147; 7483; 1870.750; 50.904
values_665; 137; 6726; 1681.500; 49.094
values_666; 137; 6887; 1721.750; 50.270
values_667; 137; 6781; 1695.250; 49.496
values_668; 345; 20226; 5056.500; 58.626
values_669; 183; 9801; 2450.250; 53.557
values_67; 65; 2938; 734.500; 45.200
values_670; 185; 10819; 2704.750; 58.481
values_671; 185; 10867; 2716.750; 58.740
values_672; 185; 10928; 2732.000; 59.070
values_673; 205; 12476; 3119.000; 60.858
values_674; 215; 13255; 3313.750; 61.651
values_675; 185; 10941; 2735.250; 59.140
values_676; 185; 10804; 2701.000; 58.400
values_677; 195; 11686; 2921.500; 59.928
values_678; 185; 10803; 2700.750; 58.394
values_679; 241; 14748; 3687.000; 61.195
values_68; 65; 2955; 738.750; 45.461
values_680; 185; 10904; 2726.000; 58.940
values_681; 241; 14771; 3692.750; 61.290
values_682; 185; 10867; 2716.750; 58.740
values_683; 185; 10859; 2714.750; 58.697
values_684; 185; 10888; 2722.000; 58.854
values_685; 205; 12397; 3099.250; 60.473
values_686; 185; 10805; 2701.250; 58.405
values_687; 185; 10926; 2731.500; 59.059
values_688; 185; 10891; 2722.750; 58.870
values_689; 185; 10720; 2680.000; 57.945
values_69; 65; 2902; 725.500; 44.646
values_690; 209; 12739; 3184.750; 60.952
values_691; 239; 15000; 3750.000; 62.761
values_692; 209; 12780; 3195.000; 61.148
values_693; 259; 16509; 4127.250; 63.741
values_694; 239; 15124; 3781.000; 63.280
values_695; 209; 12678; 3169.500; 60.660
values_696; 249; 15848; 3962.000; 63.646
values_697; 209; 12935; 3233.750; 61.889
values_698; 219; 13540; 3385.000; 61.826
values_699; 209; 12816; 3204.000; 61.320
values_70; 81; 4510; 1127.500; 55.679
values_700; 113; 4659; 1164.750; 41.230
values_701; 113; 4762; 1190.500; 42.141
values_702; 123; 5400; 1350.000; 43.902
values_703; 123; 5371; 1342.750; 43.666
values_704; 261; 13060; 3265.000; 50.038
values_705; 261; 12906; 3226.500; 49.448
values_706; 149; 6862; 1715.500; 46.053
values_707; 261; 13193; 3298.250; 50.547
values_708; 139; 6049; 1512.250; 43.517
values_709; 113; 4615; 1153.750; 40.840
values_71; 81; 4341; 1085.250; 53.592
values_710; 297; 18726; 4681.500; 63.050
values_711; 225; 13831; 3457.750; 61.471
values_712; 195; 11674; 2918.500; 59.866
values_713; 185; 10702; 2675.500; 57.848
values_714; 241; 14700; 3675.000; 60.995
values_715; 205; 12497; 3124.250; 60.960
values_716; 185; 10799; 2699.750; 58.372
values_717; 195; 11601; 2900.250; 59.492
values_718; 185; 10709; 2677.250; 57.886
values_719; 185; 10777; 2694.250; 58.254
values_72; 91; 5160; 1290.000; 56.703
values_720; 345; 20096; 5024.000; 58.249
values_721; 157; 8285; 2071.250; 52.770
values_722; 183; 9885; 2471.250; 54.016
values_723; 173; 9095; 2273.750; 52.572
values_724; 137; 6872; 1718.000; 50.160
values_725; 157; 8363; 2090.750; 53.267
values_726; 137; 6812; 1703.000; 49.722
values_727; 173; 9100; 2275.000; 52.601
values_728; 147; 7462; 1865.500; 50.761
values_729; 137; 6869; 1717.250; 50.138
values_73; 81; 4352; 1088.000; 53.728
values_730; 165; 7609; 1902.250; 46.115
values_731; 139; 6155; 1538.750; 44.280
values_732; 113; 4674; 1168.500; 41.362
values_733; 113; 4629; 1157.250; 40.964
values_734; 113; 4600; 1150.000; 40.707
values_735; 123; 5409; 1352.250; 43.975
values_736; 261; 13180; 3295.000; 50.498
values_737; 191; 9026; 2256.500; 47.256
values_738; 113; 4578; 1144.500; 40.513
values_739; 165; 7701; 1925.250; 46.672
values_74; 81; 4362; 1090.500; 53.851
values_740; 429; 26002; 6500.500; 60.610
values_741; 161; 8619; 2154.750; 53.534
values_742; 171; 9249; 2312.250; 54.087
values_743; 161; 8536; 2134.000; 53.018
values_744; 171; 9182; 2295.500; 53.695
values_745; 227; 13043; 3260.750; 57.458
values_746; 429; 26012; 6503.000; 60.634
values_747; 161; 8635; 2158.750; 53.633
values_748; 161; 8512; 2128.000; 52.869
values_749; 161; 8532; 2133.000; 52.993
values_75; 185; 11388; 2847.000; 61.556
values_750; 209; 12709; 3177.250; 60.808
values_751; 209; 12907; 3226.750; 61.755
values_752; 209; 12914; 3228.500; 61.789
values_753; 259; 16727; 4181.750; 64.583
values_754; 229; 14292; 3573.000; 62.410
values_755; 209; 12695; 3173.750; 60.741
values_756; 209; 12806; 3201.500; 61.272
values_757; 229; 14402; 3600.500; 62.890
values_758; 209; 12717; 3179.250; 60.846
values_759; 239; 15139; 3784.750; 63.343
values_76; 81; 4372; 1093.000; 53.975
values_760; 137; 6740; 1685.000; 49.197
values_761; 193; 10718; 2679.500; 55.533
values_762; 137; 6740; 1685.000; 49.197
values_763; 137; 6830; 1707.500; 49.854
values_764; 137; 6735; 1683.750; 49.160
values_765; 137; 6790; 1697.500; 49.562
values_766; 147; 7515; 1878.750; 51.122
values_767; 137; 6870; 1717.500; 50.145
values_768; 183; 9855; 2463.750; 53.852
values_769; 137; 6676; 1669.000; 48.729
values_77; 121; 7568; 1892.000; 62.545
values_770; 241; 14569; 3642.250; 60.452
values_771; 195; 11548; 2887.000; 59.220
values_772; 195; 11683; 2920.750; 59.912
values_773; 205; 12288; 3072.000; 59.941
values_774; 225; 13806; 3451.500; 61.360
values_775; 241; 14695; 3673.750; 60.975
values_776; 215; 13161; 3290.250; 61.213
values_777; 185; 10866; 2716.500; 58.735
values_778; 185; 10821; 2705.250; 58.491
values_779; 195; 11597; 2899.250; 59.471
values_78; 111; 6702; 1675.500; 60.378
values_780; 513; 33659; 8414.750; 65.612
values_781; 185; 10911; 2727.750; 58.978
values_782; 205; 12317; 3079.250; 60.082
values_783; 195; 11630; 2907.500; 59.641
values_784; 215; 13222; 3305.500; 61.497
values_785; 185; 10824; 2706.000; 58.508
values_786; 185; 10871; 2717.750; 58.762
values_787; 215; 13088; 3272.000; 60.874
values_788; 225; 13988; 3497.000; 62.168
values_789; 185; 10875; 2718.750; 58.783
values_79; 81; 4253; 1063.250; 52.506
values_790; 229; 14287; 3571.750; 62.388
values_791; 209; 12872; 3218.000; 61.588
values_792; 209; 12819; 3204.750; 61.334
values_793; 219; 13578; 3394.500; 62.000
values_794; 209; 12932; 3233.000; 61.875
values_795; 209; 12805; 3201.250; 61.267
values_796; 209; 12739; 3184.750; 60.952
values_797; 209; 12786; 3196.500; 61.177
values_798; 209; 12740; 3185.000; 60.956
values_799; 209; 12718; 3179.500; 60.851
values_80; 91; 5099; 1274.750; 56.032
values_800; 71; 2772; 693.000; 39.042
values_801; 71; 2738; 684.500; 38.563
values_802; 141; 6663; 1665.750; 47.255
values_803; 71; 2893; 723.250; 40.746
values_804; 141; 6590; 1647.500; 46.737
values_805; 71; 2797; 699.250; 39.394
values_806; 141; 6651; 1662.750; 47.170
values_807; 141; 6843; 1710.750; 48.531
values_808; 107; 4982; 1245.500; 46.560
values_809; 71; 2787; 696.750; 39.253
values_81; 91; 5087; 1271.750; 55.901
values_810; 163; 9719; 2429.750; 59.625
values_811; 267; 17138; 4284.500; 64.187
values_812; 219; 13517; 3379.250; 61.721
values_813; 117; 6705; 1676.250; 57.307
values_814; 107; 5894; 1473.500; 55.084
values_815; 107; 5951; 1487.750; 55.616
values_816; 107; 5957; 1489.250; 55.672
values_817; 107; 6046; 1511.500; 56.504
values_818; 173; 10563; 2640.750; 61.057
values_819; 107; 5977; 1494.250; 55.859
values_82; 111; 6586; 1646.500; 59.333
values_820; 103; 5366; 1341.500; 52.097
values_821; 103; 5524; 1381.000; 53.631
values_822; 93; 4735; 1183.750; 50.913
values_823; 103; 5410; 1352.500; 52.524
values_824; 83; 3865; 966.250; 46.566
values_825; 83; 3925; 981.250; 47.289
values_826; 83; 3838; 959.500; 46.240
values_827; 93; 4688; 1172.000; 50.408
values_828; 83; 3876; 969.000; 46.698
values_829; 103; 5452; 1363.000; 52.932
values_83; 111; 6652; 1663.000; 59.927
values_830; 71; 2747; 686.750; 38.690
values_831; 97; 4159; 1039.750; 42.876
values_832; 71; 2737; 684.250; 38.549
values_833; 81; 3453; 863.250; 42.629
values_834; 141; 6771; 1692.750; 48.021
values_835; 71; 2794; 698.500; 39.352
values_836; 141; 6873; 1718.250; 48.744
values_837; 71; 2722; 680.500; 38.338
values_838; 107; 5008; 1252.000; 46.803
values_839; 71; 2795; 698.750; 39.366
values_84; 81; 4328; 1082.000; 53.432
values_840; 225; 13299; 3324.750; 59.106
values_841; 95; 4726; 1181.500; 49.747
values_842; 95; 4761; 1190.250; 50.115
values_843; 95; 4767; 1191.750; 50.178
values_844; 95; 4729; 1182.250; 49.778
values_845; 115; 6216; 1554.000; 54.052
values_846; 141; 7875; 1968.750; 55.851
values_847; 95; 4665; 1166.250; 49.105
values_848; 95; 4802; 1200.500; 50.547
values_849; 115; 6259; 1564.750; 54.426
values_85; 81; 4256; 1064.000; 52.543
values_850; 119; 6940; 1735.000; 58.319
values_851; 235; 15403; 3850.750; 65.544
values_852; 119; 7028; 1757.000; 59.058
values_853; 169; 10813; 2703.250; 63.982
values_854; 309; 20522; 5130.500; 66.414
values_855; 139; 8456; 2114.000; 60.834
values_856; 129; 7657; 1914.250; 59.356
values_857; 139; 8460; 2115.000; 60.863
values_858; 129; 7816; 1954.000; 60.589
values_859; 119; 6984; 1746.000; 58.689
values_86; 81; 4251; 1062.750; 52.481
values_860; 83; 3884; 971.000; 46.795
values_861; 103; 5387; 1346.750; 52.300
values_862; 103; 5357; 1339.250; 52.009
values_863; 83; 3898; 974.500; 46.963
values_864; 119; 6255; 1563.750; 52.563
values_865; 83; 3892; 973.000; 46.891
values_866; 83; 3927; 981.750; 47.313
values_867; 83; 3883; 970.750; 46.783
values_868; 183; 10190; 2547.500; 55.683
values_869; 93; 4621; 1155.250; 49.688
values_87; 81; 4300; 1075.000; 53.086
values_870; 107; 5968; 1492.000; 55.775
values_871; 107; 5882; 1470.500; 54.971
values_872; 107; 5937; 1484.250; 55.485
values_873; 173; 10752; 2688.000; 62.150
values_874; 107; 5916; 1479.000; 55.289
values_875; 107; 6003; 1500.750; 56.102
values_876; 117; 6659; 1664.750; 56.914
values_877; 107; 5946; 1486.500; 55.570
values_878; 127; 7620; 1905.000; 60.000
values_879; 107; 5894; 1473.500; 55.084
values_88; 81; 4337; 1084.250; 53.543
values_880; 107; 5910; 1477.500; 55.233
values_881; 107; 5911; 1477.750; 55.242
values_882; 107; 5979; 1494.750; 55.878
values_883; 137; 8218; 2054.500; 59.985
values_884; 117; 6649; 1662.250; 56.829
values_885; 147; 9058; 2264.500; 61.619
values_886; 173; 10388; 2597.000; 60.046
values_887; 107; 5946; 1486.500; 55.570
values_888; 147; 8965; 2241.250; 60.986
values_889; 107; 5877; 1469.250; 54.925
values_89; 81; 4315; 1078.750; 53.271
values_890; 119; 7005; 1751.250; 58.865
values_891; 119; 7001; 1750.250; 58.831
values_892; 129; 7747; 1936.750; 60.054
values_893; 235; 15440; 3860.000; 65.702
values_894; 119; 6864; 1716.000; 57.680
values_895; 139; 8457; 2114.250; 60.841
values_896; 129; 7688; 1922.000; 59.596
values_897; 149; 9209; 2302.250; 61.805
values_898; 129; 7801; 1950.250; 60.472
values_899; 119; 6890; 1722.500; 57.899
values_90; 129; 8066; 2016.500; 62.527
values_900; 113; 4733; 1183.250; 41.884
values_901; 123; 5375; 1343.750; 43.699
values_902; 165; 7759; 1939.750; 47.024
values_903; 139; 6107; 1526.750; 43.935
values_904; 113; 4630; 1157.500; 40.973
values_905; 113; 4692; 1173.000; 41.522
values_906; 149; 7022; 1755.500; 47.127
values_907; 261; 13043; 3260.750; 49.973
values_908; 139; 6247; 1561.750; 44.942
values_909; 113; 4650; 1162.500; 41.150
values_91; 89; 4965; 1241.250; 55.786
values_910; 337; 21757; 5439.250; 64.560
values_911; 185; 10745; 2686.250; 58.081
values_912; 195; 11628; 2907.000; 59.630
values_913; 185; 10743; 2685.750; 58.070
values_914; 185; 10764; 2691.000; 58.183
values_915; 513; 33969; 8492.250; 66.216
values_916; 205; 12300; 3075.000; 60.000
values_917; 185; 10898; 2724.500; 58.908
values_918; 185; 10857; 2714.250; 58.686
values_919; 185; 10842; 2710.500; 58.605
values_92; 89; 4920; 1230.000; 55.280
values_920; 137; 6835; 1708.750; 49.890
values_921; 345; 20286; 5071.500; 58.800
values_922; 137; 6716; 1679.000; 49.021
values_923; 137; 6824; 1706.000; 49.810
values_924; 183; 9845; 2461.250; 53.797
values_925; 147; 7485; 1871.250; 50.918
values_926; 157; 8276; 2069.000; 52.713
values_927; 147; 7556; 1889.000; 51.401
values_928; 157; 8313; 2078.250; 52.949
values_929; 345; 19877; 4969.250; 57.614
values_93; 89; 5017; 1254.250; 56.370
values_930; 123; 5432; 1358.000; 44.162
values_931; 123; 5327; 1331.750; 43.308
values_932; 123; 5377; 1344.250; 43.715
values_933; 113; 4688; 1172.000; 41.486
values_934; 113; 4623; 1155.750; 40.911
values_935; 123; 5448; 1362.000; 44.292
values_936; 113; 4583; 1145.750; 40.557
values_937; 123; 5353; 1338.250; 43.520
values_938; 113; 4613; 1153.250; 40.823
values_939; 261; 13121; 3280.250; 50.272
values_94; 89; 5019; 1254.750; 56.393
values_940; 161; 8553; 2138.250; 53.124
values_941; 237; 13890; 3472.500; 58.607
values_942; 237; 13771; 3442.750; 58.105
values_943; 161; 8550; 2137.500; 53.105
values_944; 181; 10088; 2522.000; 55.734
values_945; 161; 8548; 2137.000; 53.093
values_946; 207; 11506; 2876.500; 55.584
values_947; 171; 9413; 2353.250; 55.046
values_948; 429; 26283; 6570.750; 61.265
values_949; 161; 8540; 2135.000; 53.043
values_95; 99; 5813; 1453.250; 58.717
values_950; 597; 40336; 10084.000; 67.564
values_951; 391; 26195; 6548.750; 66.994
values_952; 209; 12840; 3210.000; 61.435
values_953; 275; 17397; 4349.250; 63.261
values_954; 209; 12908; 3227.000; 61.760
values_955; 209; 12741; 3185.250; 60.961
values_956; 219; 13564; 3391.000; 61.936
values_957; 209; 12815; 3203.750; 61.315
values_958; 219; 13517; 3379.250; 61.721
values_959; 209; 12698; 3174.500; 60.755
values_96; 129; 8040; 2010.000; 62.325
values_960; 193; 10627; 2656.750; 55.062
values_961; 345; 20058; 5014.500; 58.139
values_962; 137; 6716; 1679.000; 49.021
values_963; 137; 6843; 1710.750; 49.948
values_964; 345; 19944; 4986.000; 57.808
values_965; 137; 6798; 1699.500; 49.620
values_966; 137; 6901; 1725.250; 50.372
values_967; 137; 6714; 1678.500; 49.007
values_968; 157; 8347; 2086.750; 53.165
values_969; 147; 7448; 1862.000; 50.666
values_97; 89; 5018; 1254.500; 56.382
values_970; 195; 11634; 2908.500; 59.661
values_971; 185; 10724; 2681.000; 57.967
values_972; 185; 10788; 2697.000; 58.313
values_973; 185; 10883; 2720.750; 58.827
values_974; 185; 10836; 2709.000; 58.572
values_975; 185; 10860; 2715.000; 58.702
values_976; 317; 20132; 5033.000; 63.507
values_977; 241; 14574; 3643.500; 60.473
values_978; 185; 10877; 2719.250; 58.794
values_979; 271; 17133; 4283.250; 63.221
values_98; 129; 8041; 2010.250; 62.333
values_980; 205; 12294; 3073.500; 59.970
values_981; 215; 13130; 3282.500; 61.069
values_982; 195; 11525; 2881.250; 59.102
values_983; 185; 10849; 2712.250; 58.643
values_984; 185; 10819; 2704.750; 58.481
values_985; 241; 14753; 3688.250; 61.215
values_986; 215; 13204; 3301.000; 61.413
values_987; 185; 10964; 2741.000; 59.264
values_988; 205; 12530; 3132.500; 61.121
values_989; 185; 10871; 2717.750; 58.762
values_99; 139; 8893; 2223.250; 63.978
values_990; 391; 25955; 6488.750; 66.381
values_991; 209; 12818; 3204.500; 61.330
values_992; 209; 12752; 3188.000; 61.014
values_993; 229; 14425; 3606.250; 62.991
values_994; 209; 12740; 3185.000; 60.956
values_995; 239; 15125; 3781.250; 63.284
values_996; 209; 12758; 3189.500; 61.043
values_997; 209; 12890; 3222.500; 61.674
values_998; 209; 12812; 3203.000; 61.301
values_999; 209; 12773; 3193.250; 61.114
