Incite; Executed C Instr; Clock Cycle Effective; Execution Time; CC4CS;
values_00; 27; 254; 63.500; 9.407
values_01; 26; 235; 58.750; 9.038
values_02; 27; 254; 63.500; 9.407
values_03; 26; 251; 62.750; 9.653
values_04; 26; 251; 62.750; 9.653
values_05; 27; 254; 63.500; 9.407
values_06; 26; 251; 62.750; 9.653
values_07; 27; 254; 63.500; 9.407
values_08; 27; 254; 63.500; 9.407
values_09; 27; 254; 63.500; 9.407
values_10; 16359; 134344; 33586.000; 8.212
values_100; 11031; 90752; 22688.000; 8.226
values_101; 11070; 90869; 22717.250; 8.208
values_102; 11055; 90824; 22706.000; 8.215
values_103; 11062; 90845; 22711.250; 8.212
values_104; 11082; 90905; 22726.250; 8.202
values_105; 11069; 90866; 22716.500; 8.209
values_106; 11045; 90794; 22698.500; 8.220
values_107; 11056; 90827; 22706.750; 8.215
values_108; 11025; 90734; 22683.500; 8.229
values_109; 11058; 90833; 22708.250; 8.214
values_11; 16328; 134251; 33562.750; 8.222
values_110; 2612; 21472; 5368.000; 8.220
values_111; 2595; 21421; 5355.250; 8.254
values_112; 2612; 21472; 5368.000; 8.220
values_113; 2609; 21463; 5365.750; 8.226
values_114; 2603; 21445; 5361.250; 8.238
values_115; 2599; 21433; 5358.250; 8.246
values_116; 2611; 21469; 5367.250; 8.222
values_117; 2603; 21445; 5361.250; 8.238
values_118; 2604; 21448; 5362.000; 8.236
values_119; 2606; 21454; 5363.500; 8.232
values_12; 16400; 134467; 33616.750; 8.199
values_120; 16747; 137403; 34350.750; 8.204
values_121; 16749; 137409; 34352.250; 8.204
values_122; 16712; 137298; 34324.500; 8.215
values_123; 16735; 137367; 34341.750; 8.208
values_124; 16741; 137385; 34346.250; 8.206
values_125; 16715; 137307; 34326.750; 8.214
values_126; 16712; 137298; 34324.500; 8.215
values_127; 16747; 137403; 34350.750; 8.204
values_128; 16727; 137343; 34335.750; 8.210
values_129; 16746; 137400; 34350.000; 8.204
values_13; 16352; 134323; 33580.750; 8.214
values_130; 4452; 36608; 9152.000; 8.222
values_131; 4452; 36608; 9152.000; 8.222
values_132; 4442; 36578; 9144.500; 8.234
values_133; 4459; 36629; 9157.250; 8.214
values_134; 4470; 36662; 9165.500; 8.201
values_135; 4463; 36641; 9160.250; 8.209
values_136; 4457; 36623; 9155.750; 8.216
values_137; 4459; 36629; 9157.250; 8.214
values_138; 4455; 36617; 9154.250; 8.219
values_139; 4452; 36608; 9152.000; 8.222
values_14; 16374; 134389; 33597.250; 8.207
values_140; 4278; 35115; 8778.750; 8.208
values_141; 4266; 35079; 8769.750; 8.222
values_142; 4273; 35100; 8775.000; 8.214
values_143; 4258; 35055; 8763.750; 8.232
values_144; 4265; 35076; 8769.000; 8.224
values_145; 4270; 35091; 8772.750; 8.218
values_146; 4267; 35082; 8770.500; 8.221
values_147; 4283; 35130; 8782.500; 8.202
values_148; 4277; 35112; 8778.000; 8.209
values_149; 4272; 35097; 8774.250; 8.215
values_15; 16356; 134335; 33583.750; 8.213
values_150; 12943; 106211; 26552.750; 8.206
values_151; 12928; 106166; 26541.500; 8.212
values_152; 12920; 106142; 26535.500; 8.215
values_153; 12955; 106247; 26561.750; 8.201
values_154; 12939; 106199; 26549.750; 8.207
values_155; 12929; 106169; 26542.250; 8.211
values_156; 12927; 106163; 26540.750; 8.212
values_157; 12913; 106121; 26530.250; 8.218
values_158; 12932; 106178; 26544.500; 8.210
values_159; 12936; 106190; 26547.500; 8.208
values_16; 16318; 134221; 33555.250; 8.225
values_160; 9083; 74511; 18627.750; 8.203
values_161; 9087; 74523; 18630.750; 8.201
values_162; 9065; 74457; 18614.250; 8.213
values_163; 9061; 74445; 18611.250; 8.215
values_164; 9061; 74445; 18611.250; 8.215
values_165; 9046; 74400; 18600.000; 8.224
values_166; 9063; 74451; 18612.750; 8.214
values_167; 9078; 74496; 18624.000; 8.206
values_168; 9062; 74448; 18612.000; 8.215
values_169; 9076; 74490; 18622.500; 8.207
values_17; 16367; 134368; 33592.000; 8.209
values_170; 1688; 13889; 3472.250; 8.228
values_171; 1688; 13889; 3472.250; 8.228
values_172; 1687; 13886; 3471.500; 8.231
values_173; 1698; 13919; 3479.750; 8.197
values_174; 1681; 13868; 3467.000; 8.249
values_175; 1677; 13856; 3464.000; 8.262
values_176; 1697; 13916; 3479.000; 8.200
values_177; 1678; 13859; 3464.750; 8.259
values_178; 1681; 13868; 3467.000; 8.249
values_179; 1694; 13907; 3476.750; 8.209
values_18; 16356; 134335; 33583.750; 8.213
values_180; 15975; 131300; 32825.000; 8.219
values_181; 15969; 131282; 32820.500; 8.221
values_182; 15990; 131345; 32836.250; 8.214
values_183; 16009; 131402; 32850.500; 8.208
values_184; 15959; 131252; 32813.000; 8.224
values_185; 16012; 131411; 32852.750; 8.207
values_186; 15999; 131372; 32843.000; 8.211
values_187; 16003; 131384; 32846.000; 8.209
values_188; 15998; 131369; 32842.250; 8.211
values_189; 16007; 131396; 32849.000; 8.208
values_19; 16326; 134245; 33561.250; 8.222
values_190; 1349; 11138; 2784.500; 8.256
values_191; 1354; 11153; 2788.250; 8.237
values_192; 1348; 11135; 2783.750; 8.260
values_193; 1348; 11135; 2783.750; 8.260
values_194; 1352; 11147; 2786.750; 8.244
values_195; 1349; 11138; 2784.500; 8.256
values_196; 1347; 11132; 2783.000; 8.264
values_197; 1341; 11114; 2778.500; 8.287
values_198; 1349; 11138; 2784.500; 8.256
values_199; 1352; 11147; 2786.750; 8.244
values_20; 2051; 16919; 4229.750; 8.249
values_200; 8535; 70088; 17522.000; 8.211
values_201; 8555; 70148; 17537.000; 8.199
values_202; 8527; 70064; 17516.000; 8.216
values_203; 8519; 70040; 17510.000; 8.221
values_204; 8555; 70148; 17537.000; 8.199
values_205; 8534; 70085; 17521.250; 8.212
values_206; 8529; 70070; 17517.500; 8.215
values_207; 8541; 70106; 17526.500; 8.208
values_208; 8546; 70121; 17530.250; 8.205
values_209; 8562; 70169; 17542.250; 8.195
values_21; 2062; 16952; 4238.000; 8.221
values_210; 2472; 20294; 5073.500; 8.209
values_211; 2461; 20261; 5065.250; 8.232
values_212; 2461; 20261; 5065.250; 8.232
values_213; 2471; 20291; 5072.750; 8.211
values_214; 2461; 20261; 5065.250; 8.232
values_215; 2467; 20279; 5069.750; 8.220
values_216; 2464; 20270; 5067.500; 8.226
values_217; 2460; 20258; 5064.500; 8.234
values_218; 2465; 20273; 5068.250; 8.224
values_219; 2469; 20285; 5071.250; 8.215
values_22; 2062; 16952; 4238.000; 8.221
values_220; 4642; 38188; 9547.000; 8.226
values_221; 4672; 38278; 9569.500; 8.193
values_222; 4686; 38320; 9580.000; 8.177
values_223; 4656; 38230; 9557.500; 8.210
values_224; 4682; 38308; 9577.000; 8.181
values_225; 4636; 38170; 9542.500; 8.233
values_226; 4641; 38185; 9546.250; 8.227
values_227; 4646; 38200; 9550.000; 8.222
values_228; 4656; 38230; 9557.500; 8.210
values_229; 4638; 38176; 9544.000; 8.231
values_23; 2059; 16943; 4235.750; 8.228
values_230; 139; 1192; 298.000; 8.575
values_231; 142; 1201; 300.250; 8.457
values_232; 137; 1186; 296.500; 8.656
values_233; 137; 1186; 296.500; 8.656
values_234; 138; 1189; 297.250; 8.615
values_235; 141; 1198; 299.500; 8.496
values_236; 140; 1195; 298.750; 8.535
values_237; 137; 1186; 296.500; 8.656
values_238; 139; 1192; 298.000; 8.575
values_239; 140; 1195; 298.750; 8.535
values_24; 2053; 16925; 4231.250; 8.244
values_240; 5676; 46601; 11650.250; 8.210
values_241; 5658; 46547; 11636.750; 8.226
values_242; 5680; 46613; 11653.250; 8.206
values_243; 5667; 46574; 11643.500; 8.218
values_244; 5676; 46601; 11650.250; 8.210
values_245; 5666; 46571; 11642.750; 8.219
values_246; 5675; 46598; 11649.500; 8.211
values_247; 5676; 46601; 11650.250; 8.210
values_248; 5673; 46592; 11648.000; 8.212
values_249; 5672; 46589; 11647.250; 8.213
values_25; 2070; 16976; 4244.000; 8.200
values_250; 1809; 14884; 3721.000; 8.227
values_251; 1803; 14866; 3716.500; 8.245
values_252; 1802; 14863; 3715.750; 8.248
values_253; 1810; 14887; 3721.750; 8.224
values_254; 1811; 14890; 3722.500; 8.221
values_255; 1809; 14884; 3721.000; 8.227
values_256; 1804; 14869; 3717.250; 8.242
values_257; 1810; 14887; 3721.750; 8.224
values_258; 1802; 14863; 3715.750; 8.248
values_259; 1801; 14860; 3715.000; 8.250
values_26; 2061; 16949; 4237.250; 8.223
values_260; 8277; 67965; 16991.250; 8.211
values_261; 8275; 67959; 16989.750; 8.212
values_262; 8280; 67974; 16993.500; 8.209
values_263; 8276; 67962; 16990.500; 8.211
values_264; 8271; 67947; 16986.750; 8.215
values_265; 8261; 67917; 16979.250; 8.221
values_266; 8266; 67932; 16983.000; 8.218
values_267; 8257; 67905; 16976.250; 8.223
values_268; 8290; 68004; 17001.000; 8.203
values_269; 8282; 67980; 16995.000; 8.208
values_27; 2053; 16925; 4231.250; 8.244
values_270; 105; 917; 229.250; 8.733
values_271; 106; 920; 230.000; 8.679
values_272; 105; 917; 229.250; 8.733
values_273; 105; 917; 229.250; 8.733
values_274; 104; 914; 228.500; 8.788
values_275; 104; 914; 228.500; 8.788
values_276; 105; 917; 229.250; 8.733
values_277; 104; 914; 228.500; 8.788
values_278; 107; 923; 230.750; 8.626
values_279; 105; 917; 229.250; 8.733
values_28; 2052; 16922; 4230.500; 8.246
values_280; 1060; 8708; 2177.000; 8.215
values_281; 1045; 8663; 2165.750; 8.289
values_282; 1049; 8675; 2168.750; 8.269
values_283; 1047; 8669; 2167.250; 8.279
values_284; 1052; 8684; 2171.000; 8.254
values_285; 1049; 8675; 2168.750; 8.269
values_286; 1049; 8675; 2168.750; 8.269
values_287; 1063; 8717; 2179.250; 8.200
values_288; 1048; 8672; 2168.000; 8.274
values_289; 1057; 8699; 2174.750; 8.229
values_29; 2053; 16925; 4231.250; 8.244
values_290; 21388; 175812; 43953.000; 8.220
values_291; 21471; 176061; 44015.250; 8.199
values_292; 21434; 175950; 43987.500; 8.208
values_293; 21414; 175890; 43972.500; 8.213
values_294; 21381; 175791; 43947.750; 8.221
values_295; 21436; 175956; 43989.000; 8.208
values_296; 21405; 175863; 43965.750; 8.215
values_297; 21398; 175842; 43960.500; 8.217
values_298; 21404; 175860; 43965.000; 8.216
values_299; 21400; 175848; 43962.000; 8.217
values_30; 2601; 21439; 5359.750; 8.242
values_300; 961; 7944; 1986.000; 8.266
values_301; 958; 7935; 1983.750; 8.282
values_302; 959; 7938; 1984.500; 8.277
values_303; 959; 7938; 1984.500; 8.277
values_304; 961; 7944; 1986.000; 8.266
values_305; 959; 7938; 1984.500; 8.277
values_306; 962; 7947; 1986.750; 8.260
values_307; 957; 7932; 1983.000; 8.288
values_308; 967; 7962; 1990.500; 8.233
values_309; 962; 7947; 1986.750; 8.260
values_31; 2595; 21421; 5355.250; 8.254
values_310; 3553; 29230; 7307.500; 8.226
values_311; 3552; 29227; 7306.750; 8.228
values_312; 3568; 29275; 7318.750; 8.204
values_313; 3547; 29212; 7303.000; 8.235
values_314; 3563; 29260; 7315.000; 8.212
values_315; 3547; 29212; 7303.000; 8.235
values_316; 3549; 29218; 7304.500; 8.232
values_317; 3545; 29206; 7301.500; 8.238
values_318; 3573; 29290; 7322.500; 8.197
values_319; 3560; 29251; 7312.750; 8.216
values_32; 2612; 21472; 5368.000; 8.220
values_320; 5257; 43153; 10788.250; 8.208
values_321; 5251; 43135; 10783.750; 8.214
values_322; 5251; 43135; 10783.750; 8.214
values_323; 5252; 43138; 10784.500; 8.213
values_324; 5255; 43147; 10786.750; 8.210
values_325; 5257; 43153; 10788.250; 8.208
values_326; 5242; 43108; 10777.000; 8.223
values_327; 5239; 43099; 10774.750; 8.226
values_328; 5263; 43171; 10792.750; 8.202
values_329; 5229; 43069; 10767.250; 8.236
values_33; 2609; 21463; 5365.750; 8.226
values_330; 11651; 95769; 23942.250; 8.219
values_331; 11676; 95844; 23961.000; 8.208
values_332; 11655; 95781; 23945.250; 8.218
values_333; 11672; 95832; 23958.000; 8.210
values_334; 11678; 95850; 23962.500; 8.207
values_335; 11687; 95877; 23969.250; 8.203
values_336; 11671; 95829; 23957.250; 8.210
values_337; 11690; 95886; 23971.500; 8.202
values_338; 11653; 95775; 23943.750; 8.218
values_339; 11658; 95790; 23947.500; 8.216
values_34; 2598; 21430; 5357.500; 8.248
values_340; 3221; 26505; 6626.250; 8.228
values_341; 3240; 26562; 6640.500; 8.198
values_342; 3235; 26547; 6636.750; 8.206
values_343; 3244; 26574; 6643.500; 8.191
values_344; 3228; 26526; 6631.500; 8.217
values_345; 3230; 26532; 6633.000; 8.214
values_346; 3199; 26439; 6609.750; 8.264
values_347; 3230; 26532; 6633.000; 8.214
values_348; 3235; 26547; 6636.750; 8.206
values_349; 3228; 26526; 6631.500; 8.217
values_35; 2608; 21460; 5365.000; 8.228
values_350; 3741; 30681; 7670.250; 8.201
values_351; 3722; 30624; 7656.000; 8.227
values_352; 3731; 30651; 7662.750; 8.215
values_353; 3725; 30633; 7658.250; 8.223
values_354; 3713; 30597; 7649.250; 8.240
values_355; 3720; 30618; 7654.500; 8.230
values_356; 3733; 30657; 7664.250; 8.212
values_357; 3748; 30702; 7675.500; 8.191
values_358; 3740; 30678; 7669.500; 8.202
values_359; 3726; 30636; 7659.000; 8.222
values_36; 2612; 21472; 5368.000; 8.220
values_360; 12916; 106130; 26532.500; 8.216
values_361; 12908; 106106; 26526.500; 8.220
values_362; 12962; 106268; 26567.000; 8.198
values_363; 12919; 106139; 26534.750; 8.215
values_364; 12934; 106184; 26546.000; 8.209
values_365; 12923; 106151; 26537.750; 8.214
values_366; 12893; 106061; 26515.250; 8.226
values_367; 12938; 106196; 26549.000; 8.208
values_368; 12956; 106250; 26562.500; 8.200
values_369; 12921; 106145; 26536.250; 8.214
values_37; 2606; 21454; 5363.500; 8.232
values_370; 3237; 26553; 6638.250; 8.202
values_371; 3207; 26463; 6615.750; 8.251
values_372; 3223; 26511; 6627.750; 8.225
values_373; 3234; 26544; 6636.000; 8.207
values_374; 3229; 26529; 6632.250; 8.215
values_375; 3232; 26538; 6634.500; 8.211
values_376; 3231; 26535; 6633.750; 8.212
values_377; 3214; 26484; 6621.000; 8.240
values_378; 3234; 26544; 6636.000; 8.207
values_379; 3218; 26496; 6624.000; 8.233
values_38; 2612; 21472; 5368.000; 8.220
values_380; 17837; 146520; 36630.000; 8.214
values_381; 17830; 146499; 36624.750; 8.216
values_382; 17822; 146475; 36618.750; 8.218
values_383; 17839; 146526; 36631.500; 8.213
values_384; 17836; 146517; 36629.250; 8.214
values_385; 17854; 146571; 36642.750; 8.209
values_386; 17829; 146496; 36624.000; 8.216
values_387; 17824; 146481; 36620.250; 8.218
values_388; 17849; 146556; 36639.000; 8.210
values_389; 17863; 146598; 36649.500; 8.206
values_39; 2604; 21448; 5362.000; 8.236
values_390; 4837; 39786; 9946.500; 8.225
values_391; 4865; 39870; 9967.500; 8.195
values_392; 4840; 39795; 9948.750; 8.222
values_393; 4852; 39831; 9957.750; 8.209
values_394; 4822; 39741; 9935.250; 8.241
values_395; 4853; 39834; 9958.500; 8.208
values_396; 4854; 39837; 9959.250; 8.207
values_397; 4852; 39831; 9957.750; 8.209
values_398; 4856; 39843; 9960.750; 8.204
values_399; 4833; 39774; 9943.500; 8.229
values_40; 11372; 93334; 23333.500; 8.207
values_400; 5462; 44862; 11215.500; 8.213
values_401; 5480; 44916; 11229.000; 8.196
values_402; 5478; 44910; 11227.500; 8.198
values_403; 5484; 44928; 11232.000; 8.192
values_404; 5465; 44871; 11217.750; 8.210
values_405; 5458; 44850; 11212.500; 8.217
values_406; 5458; 44850; 11212.500; 8.217
values_407; 5478; 44910; 11227.500; 8.198
values_408; 5489; 44943; 11235.750; 8.187
values_409; 5444; 44808; 11202.000; 8.230
values_41; 11345; 93253; 23313.250; 8.219
values_410; 1677; 13856; 3464.000; 8.262
values_411; 1680; 13865; 3466.250; 8.252
values_412; 1679; 13862; 3465.500; 8.256
values_413; 1692; 13901; 3475.250; 8.215
values_414; 1691; 13898; 3474.500; 8.218
values_415; 1694; 13907; 3476.750; 8.209
values_416; 1686; 13883; 3470.750; 8.234
values_417; 1687; 13886; 3471.500; 8.231
values_418; 1677; 13856; 3464.000; 8.262
values_419; 1689; 13892; 3473.000; 8.224
values_42; 11357; 93289; 23322.250; 8.214
values_420; 6575; 53932; 13483.000; 8.202
values_421; 6546; 53845; 13461.250; 8.225
values_422; 6564; 53899; 13474.750; 8.211
values_423; 6565; 53902; 13475.500; 8.210
values_424; 6563; 53896; 13474.000; 8.212
values_425; 6553; 53866; 13466.500; 8.220
values_426; 6561; 53890; 13472.500; 8.213
values_427; 6557; 53878; 13469.500; 8.216
values_428; 6564; 53899; 13474.750; 8.211
values_429; 6557; 53878; 13469.500; 8.216
values_43; 11362; 93304; 23326.000; 8.211
values_430; 1569; 12939; 3234.750; 8.246
values_431; 1563; 12921; 3230.250; 8.266
values_432; 1563; 12921; 3230.250; 8.266
values_433; 1573; 12951; 3237.750; 8.233
values_434; 1576; 12960; 3240.000; 8.223
values_435; 1556; 12900; 3225.000; 8.290
values_436; 1570; 12942; 3235.500; 8.243
values_437; 1574; 12954; 3238.500; 8.229
values_438; 1571; 12945; 3236.250; 8.239
values_439; 1584; 12984; 3246.000; 8.196
values_44; 11349; 93265; 23316.250; 8.217
values_440; 4080; 33553; 8388.250; 8.223
values_441; 4088; 33577; 8394.250; 8.213
values_442; 4073; 33532; 8383.000; 8.232
values_443; 4089; 33580; 8395.000; 8.212
values_444; 4099; 33610; 8402.500; 8.199
values_445; 4089; 33580; 8395.000; 8.212
values_446; 4065; 33508; 8377.000; 8.243
values_447; 4076; 33541; 8385.250; 8.228
values_448; 4085; 33568; 8392.000; 8.217
values_449; 4100; 33613; 8403.250; 8.198
values_45; 11373; 93337; 23334.250; 8.206
values_450; 16351; 134320; 33580.000; 8.214
values_451; 16326; 134245; 33561.250; 8.222
values_452; 16359; 134344; 33586.000; 8.212
values_453; 16345; 134302; 33575.500; 8.216
values_454; 16351; 134320; 33580.000; 8.214
values_455; 16354; 134329; 33582.250; 8.213
values_456; 16363; 134356; 33589.000; 8.210
values_457; 16349; 134314; 33578.500; 8.215
values_458; 16324; 134239; 33559.750; 8.223
values_459; 16350; 134317; 33579.250; 8.215
values_46; 11370; 93328; 23332.000; 8.208
values_460; 12939; 106199; 26549.750; 8.207
values_461; 12948; 106226; 26556.500; 8.204
values_462; 12915; 106127; 26531.750; 8.217
values_463; 12920; 106142; 26535.500; 8.215
values_464; 12953; 106241; 26560.250; 8.202
values_465; 12920; 106142; 26535.500; 8.215
values_466; 12928; 106166; 26541.500; 8.212
values_467; 12906; 106100; 26525.000; 8.220
values_468; 12961; 106265; 26566.250; 8.198
values_469; 12916; 106130; 26532.500; 8.216
values_47; 11352; 93274; 23318.500; 8.216
values_470; 14236; 116992; 29248.000; 8.218
values_471; 14226; 116962; 29240.500; 8.221
values_472; 14235; 116989; 29247.250; 8.218
values_473; 14248; 117028; 29257.000; 8.213
values_474; 14242; 117010; 29252.500; 8.215
values_475; 14244; 117016; 29254.000; 8.215
values_476; 14232; 116980; 29245.000; 8.219
values_477; 14249; 117031; 29257.750; 8.213
values_478; 14231; 116977; 29244.250; 8.219
values_479; 14267; 117085; 29271.250; 8.206
values_48; 11381; 93361; 23340.250; 8.203
values_480; 2047; 16907; 4226.750; 8.259
values_481; 2060; 16946; 4236.500; 8.226
values_482; 2057; 16937; 4234.250; 8.233
values_483; 2056; 16934; 4233.500; 8.236
values_484; 2052; 16922; 4230.500; 8.246
values_485; 2051; 16919; 4229.750; 8.249
values_486; 2055; 16931; 4232.750; 8.238
values_487; 2057; 16937; 4234.250; 8.233
values_488; 2054; 16928; 4232.000; 8.241
values_489; 2057; 16937; 4234.250; 8.233
values_49; 11333; 93217; 23304.250; 8.225
values_490; 17076; 140324; 35081.000; 8.217
values_491; 17075; 140321; 35080.250; 8.217
values_492; 17102; 140402; 35100.500; 8.209
values_493; 17093; 140375; 35093.750; 8.212
values_494; 17125; 140471; 35117.750; 8.202
values_495; 17095; 140381; 35095.250; 8.211
values_496; 17108; 140420; 35105.000; 8.207
values_497; 17085; 140351; 35087.750; 8.214
values_498; 17060; 140276; 35069.000; 8.222
values_499; 17098; 140390; 35097.500; 8.210
values_50; 12941; 106205; 26551.250; 8.206
values_500; 138; 1189; 297.250; 8.615
values_501; 140; 1195; 298.750; 8.535
values_502; 141; 1198; 299.500; 8.496
values_503; 138; 1189; 297.250; 8.615
values_504; 140; 1195; 298.750; 8.535
values_505; 141; 1198; 299.500; 8.496
values_506; 140; 1195; 298.750; 8.535
values_507; 139; 1192; 298.000; 8.575
values_508; 139; 1192; 298.000; 8.575
values_509; 138; 1189; 297.250; 8.615
values_51; 12938; 106196; 26549.000; 8.208
values_510; 17103; 140405; 35101.250; 8.209
values_511; 17059; 140273; 35068.250; 8.222
values_512; 17078; 140330; 35082.500; 8.217
values_513; 17069; 140303; 35075.750; 8.219
values_514; 17116; 140444; 35111.000; 8.205
values_515; 17074; 140318; 35079.500; 8.218
values_516; 17073; 140315; 35078.750; 8.218
values_517; 17102; 140402; 35100.500; 8.209
values_518; 17067; 140297; 35074.250; 8.220
values_519; 17123; 140465; 35116.250; 8.203
values_52; 12935; 106187; 26546.750; 8.209
values_520; 13572; 111507; 27876.750; 8.215
values_521; 13588; 111555; 27888.750; 8.209
values_522; 13572; 111507; 27876.750; 8.215
values_523; 13575; 111516; 27879.000; 8.214
values_524; 13567; 111492; 27873.000; 8.217
values_525; 13579; 111528; 27882.000; 8.213
values_526; 13580; 111531; 27882.750; 8.212
values_527; 13581; 111534; 27883.500; 8.212
values_528; 13590; 111561; 27890.250; 8.209
values_529; 13568; 111495; 27873.750; 8.217
values_53; 12919; 106139; 26534.750; 8.215
values_530; 105; 917; 229.250; 8.733
values_531; 106; 920; 230.000; 8.679
values_532; 104; 914; 228.500; 8.788
values_533; 103; 911; 227.750; 8.844
values_534; 106; 920; 230.000; 8.679
values_535; 106; 920; 230.000; 8.679
values_536; 105; 917; 229.250; 8.733
values_537; 104; 914; 228.500; 8.788
values_538; 106; 920; 230.000; 8.679
values_539; 105; 917; 229.250; 8.733
values_54; 12941; 106205; 26551.250; 8.206
values_540; 19800; 162550; 40637.500; 8.209
values_541; 19732; 162346; 40586.500; 8.227
values_542; 19768; 162454; 40613.500; 8.218
values_543; 19767; 162451; 40612.750; 8.218
values_544; 19761; 162433; 40608.250; 8.219
values_545; 19786; 162508; 40627.000; 8.213
values_546; 19748; 162394; 40598.500; 8.223
values_547; 19793; 162529; 40632.250; 8.211
values_548; 19771; 162463; 40615.750; 8.217
values_549; 19771; 162463; 40615.750; 8.217
values_55; 12922; 106148; 26537.000; 8.214
values_550; 12924; 106154; 26538.500; 8.213
values_551; 12932; 106178; 26544.500; 8.210
values_552; 12918; 106136; 26534.000; 8.216
values_553; 12914; 106124; 26531.000; 8.217
values_554; 12912; 106118; 26529.500; 8.218
values_555; 12902; 106088; 26522.000; 8.222
values_556; 12909; 106109; 26527.250; 8.219
values_557; 12923; 106151; 26537.750; 8.214
values_558; 12925; 106157; 26539.250; 8.213
values_559; 12940; 106202; 26550.500; 8.207
values_56; 12932; 106178; 26544.500; 8.210
values_560; 20194; 165834; 41458.500; 8.212
values_561; 20162; 165738; 41434.500; 8.220
values_562; 20154; 165714; 41428.500; 8.222
values_563; 20195; 165837; 41459.250; 8.211
values_564; 20168; 165756; 41439.000; 8.218
values_565; 20176; 165780; 41445.000; 8.216
values_566; 20146; 165690; 41422.500; 8.224
values_567; 20229; 165939; 41484.750; 8.203
values_568; 20187; 165813; 41453.250; 8.213
values_569; 20198; 165846; 41461.500; 8.211
values_57; 12914; 106124; 26531.000; 8.217
values_570; 18962; 155913; 38978.250; 8.222
values_571; 18997; 156018; 39004.500; 8.212
values_572; 18982; 155973; 38993.250; 8.216
values_573; 19012; 156063; 39015.750; 8.208
values_574; 18948; 155871; 38967.750; 8.226
values_575; 18983; 155976; 38994.000; 8.216
values_576; 18976; 155955; 38988.750; 8.218
values_577; 18997; 156018; 39004.500; 8.212
values_578; 19008; 156051; 39012.750; 8.209
values_579; 18997; 156018; 39004.500; 8.212
values_58; 12905; 106097; 26524.250; 8.221
values_580; 15307; 125593; 31398.250; 8.204
values_581; 15298; 125566; 31391.500; 8.208
values_582; 15268; 125476; 31369.000; 8.218
values_583; 15300; 125572; 31393.000; 8.207
values_584; 15331; 125665; 31416.250; 8.196
values_585; 15280; 125512; 31378.000; 8.214
values_586; 15300; 125572; 31393.000; 8.207
values_587; 15266; 125470; 31367.500; 8.218
values_588; 15289; 125539; 31384.750; 8.211
values_589; 15253; 125431; 31357.750; 8.223
values_59; 12916; 106130; 26532.500; 8.216
values_590; 2069; 16973; 4243.250; 8.203
values_591; 2054; 16928; 4232.000; 8.241
values_592; 2052; 16922; 4230.500; 8.246
values_593; 2066; 16964; 4241.000; 8.211
values_594; 2055; 16931; 4232.750; 8.238
values_595; 2060; 16946; 4236.500; 8.226
values_596; 2062; 16952; 4238.000; 8.221
values_597; 2044; 16898; 4224.500; 8.267
values_598; 2049; 16913; 4228.250; 8.254
values_599; 2057; 16937; 4234.250; 8.233
values_60; 494; 4128; 1032.000; 8.356
values_600; 12276; 100885; 25221.250; 8.218
values_601; 12298; 100951; 25237.750; 8.208
values_602; 12277; 100888; 25222.000; 8.217
values_603; 12269; 100864; 25216.000; 8.221
values_604; 12292; 100933; 25233.250; 8.211
values_605; 12286; 100915; 25228.750; 8.213
values_606; 12316; 101005; 25251.250; 8.201
values_607; 12282; 100903; 25225.750; 8.215
values_608; 12272; 100873; 25218.250; 8.219
values_609; 12279; 100894; 25223.500; 8.216
values_61; 494; 4128; 1032.000; 8.356
values_610; 224; 1874; 468.500; 8.366
values_611; 220; 1862; 465.500; 8.463
values_612; 223; 1871; 467.750; 8.390
values_613; 220; 1862; 465.500; 8.463
values_614; 221; 1865; 466.250; 8.438
values_615; 218; 1856; 464.000; 8.513
values_616; 222; 1868; 467.000; 8.414
values_617; 217; 1853; 463.250; 8.539
values_618; 218; 1856; 464.000; 8.513
values_619; 218; 1856; 464.000; 8.513
values_62; 502; 4152; 1038.000; 8.270
values_620; 4284; 35133; 8783.250; 8.200
values_621; 4264; 35073; 8768.250; 8.225
values_622; 4268; 35085; 8771.250; 8.220
values_623; 4282; 35127; 8781.750; 8.203
values_624; 4274; 35103; 8775.750; 8.213
values_625; 4278; 35115; 8778.750; 8.208
values_626; 4286; 35139; 8784.750; 8.198
values_627; 4264; 35073; 8768.250; 8.225
values_628; 4275; 35106; 8776.500; 8.211
values_629; 4272; 35097; 8774.250; 8.215
values_63; 499; 4143; 1035.750; 8.302
values_630; 26; 251; 62.750; 9.653
values_631; 26; 251; 62.750; 9.653
values_632; 26; 251; 62.750; 9.653
values_633; 27; 254; 63.500; 9.407
values_634; 27; 254; 63.500; 9.407
values_635; 26; 251; 62.750; 9.653
values_636; 27; 254; 63.500; 9.407
values_637; 27; 254; 63.500; 9.407
values_638; 26; 251; 62.750; 9.653
values_639; 27; 254; 63.500; 9.407
values_64; 495; 4131; 1032.750; 8.345
values_640; 11085; 90914; 22728.500; 8.201
values_641; 11069; 90866; 22716.500; 8.209
values_642; 11064; 90851; 22712.750; 8.211
values_643; 11051; 90812; 22703.000; 8.217
values_644; 11061; 90842; 22710.500; 8.212
values_645; 11041; 90782; 22695.500; 8.222
values_646; 11099; 90956; 22739.000; 8.194
values_647; 11079; 90896; 22724.000; 8.204
values_648; 11079; 90896; 22724.000; 8.204
values_649; 11042; 90785; 22696.250; 8.221
values_65; 497; 4137; 1034.250; 8.323
values_650; 15285; 125527; 31381.750; 8.212
values_651; 15309; 125599; 31399.750; 8.204
values_652; 15266; 125470; 31367.500; 8.218
values_653; 15275; 125497; 31374.250; 8.215
values_654; 15272; 125488; 31372.000; 8.216
values_655; 15301; 125575; 31393.750; 8.206
values_656; 15251; 125425; 31356.250; 8.224
values_657; 15279; 125509; 31377.250; 8.214
values_658; 15337; 125683; 31420.750; 8.194
values_659; 15304; 125584; 31396.000; 8.205
values_66; 502; 4152; 1038.000; 8.270
values_660; 16727; 137343; 34335.750; 8.210
values_661; 16743; 137391; 34347.750; 8.205
values_662; 16709; 137289; 34322.250; 8.216
values_663; 16761; 137445; 34361.250; 8.200
values_664; 16715; 137307; 34326.750; 8.214
values_665; 16734; 137364; 34341.000; 8.208
values_666; 16766; 137460; 34365.000; 8.198
values_667; 16736; 137370; 34342.500; 8.208
values_668; 16714; 137304; 34326.000; 8.214
values_669; 16721; 137325; 34331.250; 8.212
values_67; 491; 4119; 1029.750; 8.389
values_670; 1932; 15888; 3972.000; 8.223
values_671; 1924; 15864; 3966.000; 8.245
values_672; 1931; 15885; 3971.250; 8.226
values_673; 1930; 15882; 3970.500; 8.229
values_674; 1923; 15861; 3965.250; 8.248
values_675; 1928; 15876; 3969.000; 8.234
values_676; 1935; 15897; 3974.250; 8.215
values_677; 1933; 15891; 3972.750; 8.220
values_678; 1931; 15885; 3971.250; 8.226
values_679; 1935; 15897; 3974.250; 8.215
values_68; 494; 4128; 1032.000; 8.356
values_680; 4842; 39801; 9950.250; 8.219
values_681; 4855; 39840; 9960.000; 8.205
values_682; 4842; 39801; 9950.250; 8.219
values_683; 4859; 39852; 9963.000; 8.201
values_684; 4846; 39813; 9953.250; 8.215
values_685; 4851; 39828; 9957.000; 8.210
values_686; 4849; 39822; 9955.500; 8.212
values_687; 4836; 39783; 9945.750; 8.226
values_688; 4843; 39804; 9951.000; 8.218
values_689; 4844; 39807; 9951.750; 8.217
values_69; 497; 4137; 1034.250; 8.323
values_690; 272; 2272; 568.000; 8.352
values_691; 267; 2257; 564.250; 8.453
values_692; 267; 2257; 564.250; 8.453
values_693; 270; 2266; 566.500; 8.392
values_694; 265; 2251; 562.750; 8.494
values_695; 264; 2248; 562.000; 8.515
values_696; 266; 2254; 563.500; 8.473
values_697; 265; 2251; 562.750; 8.494
values_698; 270; 2266; 566.500; 8.392
values_699; 270; 2266; 566.500; 8.392
values_70; 1460; 12022; 3005.500; 8.234
values_700; 6809; 55854; 13963.500; 8.202
values_701; 6804; 55839; 13959.750; 8.206
values_702; 6805; 55842; 13960.500; 8.206
values_703; 6801; 55830; 13957.500; 8.209
values_704; 6810; 55857; 13964.250; 8.202
values_705; 6796; 55815; 13953.750; 8.212
values_706; 6783; 55776; 13944.000; 8.222
values_707; 6800; 55827; 13956.750; 8.209
values_708; 6779; 55764; 13941.000; 8.225
values_709; 6793; 55806; 13951.500; 8.215
values_71; 1452; 11998; 2999.500; 8.263
values_710; 6789; 55794; 13948.500; 8.218
values_711; 6806; 55845; 13961.250; 8.205
values_712; 6804; 55839; 13959.750; 8.206
values_713; 6802; 55833; 13958.250; 8.208
values_714; 6808; 55851; 13962.750; 8.203
values_715; 6808; 55851; 13962.750; 8.203
values_716; 6827; 55908; 13977.000; 8.189
values_717; 6786; 55785; 13946.250; 8.220
values_718; 6795; 55812; 13953.000; 8.213
values_719; 6808; 55851; 13962.750; 8.203
values_72; 1460; 12022; 3005.500; 8.234
values_720; 8823; 72340; 18085.000; 8.199
values_721; 8795; 72256; 18064.000; 8.215
values_722; 8794; 72253; 18063.250; 8.216
values_723; 8798; 72265; 18066.250; 8.213
values_724; 8766; 72169; 18042.250; 8.232
values_725; 8794; 72253; 18063.250; 8.216
values_726; 8797; 72262; 18065.500; 8.214
values_727; 8782; 72217; 18054.250; 8.223
values_728; 8817; 72322; 18080.500; 8.202
values_729; 8802; 72277; 18069.250; 8.211
values_73; 1456; 12010; 3002.500; 8.248
values_730; 12289; 100924; 25231.000; 8.212
values_731; 12282; 100903; 25225.750; 8.215
values_732; 12323; 101026; 25256.500; 8.198
values_733; 12265; 100852; 25213.000; 8.222
values_734; 12281; 100900; 25225.000; 8.215
values_735; 12282; 100903; 25225.750; 8.215
values_736; 12300; 100957; 25239.250; 8.207
values_737; 12277; 100888; 25222.000; 8.217
values_738; 12293; 100936; 25234.000; 8.210
values_739; 12302; 100963; 25240.750; 8.207
values_74; 1461; 12025; 3006.250; 8.230
values_740; 14225; 116959; 29239.750; 8.222
values_741; 14252; 117040; 29260.000; 8.212
values_742; 14248; 117028; 29257.000; 8.213
values_743; 14235; 116989; 29247.250; 8.218
values_744; 14258; 117058; 29264.500; 8.209
values_745; 14250; 117034; 29258.500; 8.212
values_746; 14288; 117148; 29287.000; 8.199
values_747; 14273; 117103; 29275.750; 8.204
values_748; 14289; 117151; 29287.750; 8.198
values_749; 14275; 117109; 29277.250; 8.203
values_75; 1474; 12064; 3016.000; 8.184
values_750; 17847; 146550; 36637.500; 8.211
values_751; 17838; 146523; 36630.750; 8.214
values_752; 17831; 146502; 36625.500; 8.216
values_753; 17851; 146562; 36640.500; 8.210
values_754; 17869; 146616; 36654.000; 8.205
values_755; 17893; 146688; 36672.000; 8.198
values_756; 17869; 146616; 36654.000; 8.205
values_757; 17821; 146472; 36618.000; 8.219
values_758; 17838; 146523; 36630.750; 8.214
values_759; 17809; 146436; 36609.000; 8.222
values_76; 1455; 12007; 3001.750; 8.252
values_760; 10492; 86062; 21515.500; 8.202
values_761; 10463; 85975; 21493.750; 8.217
values_762; 10451; 85939; 21484.750; 8.223
values_763; 10465; 85981; 21495.250; 8.216
values_764; 10468; 85990; 21497.500; 8.214
values_765; 10472; 86002; 21500.500; 8.212
values_766; 10458; 85960; 21490.000; 8.219
values_767; 10478; 86020; 21505.000; 8.209
values_768; 10480; 86026; 21506.500; 8.208
values_769; 10455; 85951; 21487.750; 8.221
values_77; 1461; 12025; 3006.250; 8.230
values_770; 9065; 74457; 18614.250; 8.213
values_771; 9064; 74454; 18613.500; 8.214
values_772; 9064; 74454; 18613.500; 8.214
values_773; 9070; 74472; 18618.000; 8.210
values_774; 9075; 74487; 18621.750; 8.207
values_775; 9036; 74370; 18592.500; 8.230
values_776; 9058; 74436; 18609.000; 8.217
values_777; 9060; 74442; 18610.500; 8.216
values_778; 9055; 74427; 18606.750; 8.219
values_779; 9060; 74442; 18610.500; 8.216
values_78; 1451; 11995; 2998.750; 8.266
values_780; 8526; 70061; 17515.250; 8.217
values_781; 8529; 70070; 17517.500; 8.215
values_782; 8552; 70139; 17534.750; 8.201
values_783; 8553; 70142; 17535.500; 8.200
values_784; 8541; 70106; 17526.500; 8.208
values_785; 8544; 70115; 17528.750; 8.206
values_786; 8541; 70106; 17526.500; 8.208
values_787; 8527; 70064; 17516.000; 8.216
values_788; 8545; 70118; 17529.500; 8.205
values_789; 8534; 70085; 17521.250; 8.212
values_79; 1468; 12046; 3011.500; 8.205
values_790; 4646; 38200; 9550.000; 8.222
values_791; 4658; 38236; 9559.000; 8.208
values_792; 4643; 38191; 9547.750; 8.225
values_793; 4632; 38158; 9539.500; 8.237
values_794; 4655; 38227; 9556.750; 8.212
values_795; 4662; 38248; 9562.000; 8.204
values_796; 4665; 38257; 9564.250; 8.200
values_797; 4646; 38200; 9550.000; 8.222
values_798; 4666; 38260; 9565.000; 8.199
values_799; 4646; 38200; 9550.000; 8.222
values_80; 1057; 8699; 2174.750; 8.229
values_800; 5029; 41414; 10353.500; 8.235
values_801; 5051; 41480; 10370.000; 8.212
values_802; 5057; 41498; 10374.500; 8.206
values_803; 5069; 41534; 10383.500; 8.193
values_804; 5052; 41483; 10370.750; 8.211
values_805; 5042; 41453; 10363.250; 8.221
values_806; 5050; 41477; 10369.250; 8.213
values_807; 5045; 41462; 10365.500; 8.218
values_808; 5044; 41459; 10364.750; 8.219
values_809; 5045; 41462; 10365.500; 8.218
values_81; 1049; 8675; 2168.750; 8.269
values_810; 14604; 119865; 29966.250; 8.207
values_811; 14585; 119808; 29952.000; 8.214
values_812; 14563; 119742; 29935.500; 8.222
values_813; 14578; 119787; 29946.750; 8.216
values_814; 14584; 119805; 29951.250; 8.214
values_815; 14568; 119757; 29939.250; 8.220
values_816; 14608; 119877; 29969.250; 8.206
values_817; 14626; 119931; 29982.750; 8.199
values_818; 14600; 119853; 29963.250; 8.209
values_819; 14585; 119808; 29952.000; 8.214
values_82; 1054; 8690; 2172.500; 8.244
values_820; 8031; 65881; 16470.250; 8.203
values_821; 8031; 65881; 16470.250; 8.203
values_822; 8039; 65905; 16476.250; 8.198
values_823; 8013; 65827; 16456.750; 8.215
values_824; 8050; 65938; 16484.500; 8.191
values_825; 8027; 65869; 16467.250; 8.205
values_826; 7988; 65752; 16438.000; 8.231
values_827; 8000; 65788; 16447.000; 8.223
values_828; 8015; 65833; 16458.250; 8.213
values_829; 8033; 65887; 16471.750; 8.202
values_83; 1053; 8687; 2171.750; 8.249
values_830; 8274; 67956; 16989.000; 8.213
values_831; 8298; 68028; 17007.000; 8.198
values_832; 8268; 67938; 16984.500; 8.216
values_833; 8262; 67920; 16980.000; 8.220
values_834; 8279; 67971; 16992.750; 8.210
values_835; 8262; 67920; 16980.000; 8.220
values_836; 8268; 67938; 16984.500; 8.216
values_837; 8296; 68022; 17005.500; 8.199
values_838; 8307; 68055; 17013.750; 8.192
values_839; 8262; 67920; 16980.000; 8.220
values_84; 1045; 8663; 2165.750; 8.289
values_840; 18262; 149774; 37443.500; 8.201
values_841; 18178; 149522; 37380.500; 8.225
values_842; 18198; 149582; 37395.500; 8.219
values_843; 18238; 149702; 37425.500; 8.208
values_844; 18191; 149561; 37390.250; 8.221
values_845; 18209; 149615; 37403.750; 8.216
values_846; 18263; 149777; 37444.250; 8.201
values_847; 18208; 149612; 37403.000; 8.216
values_848; 18250; 149738; 37434.500; 8.204
values_849; 18247; 149729; 37432.250; 8.205
values_85; 1054; 8690; 2172.500; 8.244
values_850; 179; 1524; 381.000; 8.513
values_851; 178; 1521; 380.250; 8.544
values_852; 180; 1527; 381.750; 8.483
values_853; 178; 1521; 380.250; 8.544
values_854; 180; 1527; 381.750; 8.483
values_855; 178; 1521; 380.250; 8.544
values_856; 180; 1527; 381.750; 8.483
values_857; 179; 1524; 381.000; 8.513
values_858; 177; 1518; 379.500; 8.576
values_859; 179; 1524; 381.000; 8.513
values_86; 1050; 8678; 2169.500; 8.264
values_860; 17086; 140354; 35088.500; 8.214
values_861; 17132; 140492; 35123.000; 8.200
values_862; 17083; 140345; 35086.250; 8.215
values_863; 17060; 140276; 35069.000; 8.222
values_864; 17093; 140375; 35093.750; 8.212
values_865; 17096; 140384; 35096.000; 8.211
values_866; 17098; 140390; 35097.500; 8.210
values_867; 17063; 140285; 35071.250; 8.221
values_868; 17080; 140336; 35084.000; 8.216
values_869; 17097; 140387; 35096.750; 8.211
values_87; 1047; 8669; 2167.250; 8.279
values_870; 3219; 26499; 6624.750; 8.232
values_871; 3231; 26535; 6633.750; 8.212
values_872; 3226; 26520; 6630.000; 8.220
values_873; 3226; 26520; 6630.000; 8.220
values_874; 3217; 26493; 6623.250; 8.235
values_875; 3229; 26529; 6632.250; 8.215
values_876; 3214; 26484; 6621.000; 8.240
values_877; 3223; 26511; 6627.750; 8.225
values_878; 3223; 26511; 6627.750; 8.225
values_879; 3230; 26532; 6633.000; 8.214
values_88; 1051; 8681; 2170.250; 8.259
values_880; 15620; 128382; 32095.500; 8.219
values_881; 15617; 128373; 32093.250; 8.220
values_882; 15631; 128415; 32103.750; 8.215
values_883; 15628; 128406; 32101.500; 8.216
values_884; 15620; 128382; 32095.500; 8.219
values_885; 15613; 128361; 32090.250; 8.221
values_886; 15612; 128358; 32089.500; 8.221
values_887; 15659; 128499; 32124.750; 8.206
values_888; 15660; 128502; 32125.500; 8.205
values_889; 15636; 128430; 32107.500; 8.213
values_89; 1051; 8681; 2170.250; 8.259
values_890; 264; 2248; 562.000; 8.515
values_891; 269; 2263; 565.750; 8.412
values_892; 269; 2263; 565.750; 8.412
values_893; 266; 2254; 563.500; 8.473
values_894; 268; 2260; 565.000; 8.432
values_895; 269; 2263; 565.750; 8.412
values_896; 271; 2269; 567.250; 8.372
values_897; 268; 2260; 565.000; 8.432
values_898; 269; 2263; 565.750; 8.412
values_899; 267; 2257; 564.250; 8.453
values_90; 11369; 93325; 23331.250; 8.208
values_900; 14936; 122669; 30667.250; 8.212
values_901; 14931; 122654; 30663.500; 8.214
values_902; 14927; 122642; 30660.500; 8.216
values_903; 14937; 122672; 30668.000; 8.212
values_904; 14944; 122693; 30673.250; 8.210
values_905; 14954; 122723; 30680.750; 8.206
values_906; 14920; 122621; 30655.250; 8.218
values_907; 14929; 122648; 30662.000; 8.215
values_908; 14916; 122609; 30652.250; 8.219
values_909; 14915; 122606; 30651.500; 8.220
values_91; 11353; 93277; 23319.250; 8.216
values_910; 1345; 11126; 2781.500; 8.272
values_911; 1351; 11144; 2786.000; 8.248
values_912; 1350; 11141; 2785.250; 8.252
values_913; 1344; 11123; 2780.750; 8.276
values_914; 1351; 11144; 2786.000; 8.248
values_915; 1342; 11117; 2779.250; 8.283
values_916; 1357; 11162; 2790.500; 8.225
values_917; 1347; 11132; 2783.000; 8.264
values_918; 1348; 11135; 2783.750; 8.260
values_919; 1352; 11147; 2786.750; 8.244
values_92; 11387; 93379; 23344.750; 8.200
values_920; 7290; 59782; 14945.500; 8.200
values_921; 7280; 59752; 14938.000; 8.207
values_922; 7254; 59674; 14918.500; 8.226
values_923; 7272; 59728; 14932.000; 8.213
values_924; 7265; 59707; 14926.750; 8.218
values_925; 7287; 59773; 14943.250; 8.202
values_926; 7269; 59719; 14929.750; 8.215
values_927; 7269; 59719; 14929.750; 8.215
values_928; 7277; 59743; 14935.750; 8.209
values_929; 7274; 59734; 14933.500; 8.211
values_93; 11367; 93319; 23329.750; 8.209
values_930; 6791; 55800; 13950.000; 8.216
values_931; 6805; 55842; 13960.500; 8.206
values_932; 6822; 55893; 13973.250; 8.193
values_933; 6799; 55824; 13956.000; 8.210
values_934; 6807; 55848; 13962.000; 8.204
values_935; 6782; 55773; 13943.250; 8.223
values_936; 6784; 55779; 13944.750; 8.222
values_937; 6806; 55845; 13961.250; 8.205
values_938; 6810; 55857; 13964.250; 8.202
values_939; 6777; 55758; 13939.500; 8.227
values_94; 11350; 93268; 23317.000; 8.217
values_940; 4857; 39846; 9961.500; 8.203
values_941; 4824; 39747; 9936.750; 8.239
values_942; 4843; 39804; 9951.000; 8.218
values_943; 4853; 39834; 9958.500; 8.208
values_944; 4862; 39861; 9965.250; 8.198
values_945; 4857; 39846; 9961.500; 8.203
values_946; 4853; 39834; 9958.500; 8.208
values_947; 4845; 39810; 9952.500; 8.216
values_948; 4829; 39762; 9940.500; 8.234
values_949; 4883; 39924; 9981.000; 8.176
values_95; 11354; 93280; 23320.000; 8.215
values_950; 17419; 143290; 35822.500; 8.226
values_951; 17479; 143470; 35867.500; 8.208
values_952; 17454; 143395; 35848.750; 8.215
values_953; 17425; 143308; 35827.000; 8.224
values_954; 17467; 143434; 35858.500; 8.211
values_955; 17448; 143377; 35844.250; 8.217
values_956; 17508; 143557; 35889.250; 8.199
values_957; 17445; 143368; 35842.000; 8.218
values_958; 17459; 143410; 35852.500; 8.214
values_959; 17450; 143383; 35845.750; 8.216
values_96; 11360; 93298; 23324.500; 8.212
values_960; 2912; 23933; 5983.250; 8.218
values_961; 2901; 23900; 5975.000; 8.238
values_962; 2921; 23960; 5990.000; 8.202
values_963; 2917; 23948; 5987.000; 8.209
values_964; 2900; 23897; 5974.250; 8.240
values_965; 2908; 23921; 5980.250; 8.225
values_966; 2908; 23921; 5980.250; 8.225
values_967; 2915; 23942; 5985.500; 8.213
values_968; 2903; 23906; 5976.500; 8.234
values_969; 2914; 23939; 5984.750; 8.215
values_97; 11330; 93208; 23302.000; 8.226
values_970; 12266; 100855; 25213.750; 8.222
values_971; 12286; 100915; 25228.750; 8.213
values_972; 12283; 100906; 25226.500; 8.215
values_973; 12284; 100909; 25227.250; 8.214
values_974; 12329; 101044; 25261.000; 8.195
values_975; 12286; 100915; 25228.750; 8.213
values_976; 12305; 100972; 25243.000; 8.205
values_977; 12283; 100906; 25226.500; 8.215
values_978; 12307; 100978; 25244.500; 8.204
values_979; 12285; 100912; 25228.000; 8.214
values_98; 11353; 93277; 23319.250; 8.216
values_980; 965; 7956; 1989.000; 8.244
values_981; 964; 7953; 1988.250; 8.250
values_982; 957; 7932; 1983.000; 8.288
values_983; 954; 7923; 1980.750; 8.305
values_984; 956; 7929; 1982.250; 8.293
values_985; 961; 7944; 1986.000; 8.266
values_986; 966; 7959; 1989.750; 8.239
values_987; 959; 7938; 1984.500; 8.277
values_988; 963; 7950; 1987.500; 8.255
values_989; 967; 7962; 1990.500; 8.233
values_99; 11368; 93322; 23330.500; 8.209
values_990; 3549; 29218; 7304.500; 8.232
values_991; 3572; 29287; 7321.750; 8.199
values_992; 3559; 29248; 7312.000; 8.218
values_993; 3553; 29230; 7307.500; 8.226
values_994; 3549; 29218; 7304.500; 8.232
values_995; 3559; 29248; 7312.000; 8.218
values_996; 3557; 29242; 7310.500; 8.220
values_997; 3570; 29281; 7320.250; 8.201
values_998; 3562; 29257; 7314.250; 8.213
values_999; 3558; 29245; 7311.250; 8.219
