Incite; Executed C Instr; Clock Cycle Effective; Execution Time; CC4CS;
values_00; 51; 1748; 437.000; 34.274
values_01; 51; 1700; 425.000; 33.333
values_02; 51; 1748; 437.000; 34.274
values_03; 51; 1700; 425.000; 33.333
values_04; 51; 1700; 425.000; 33.333
values_05; 51; 1700; 425.000; 33.333
values_06; 51; 1700; 425.000; 33.333
values_07; 51; 1748; 437.000; 34.274
values_08; 51; 1700; 425.000; 33.333
values_09; 51; 1748; 437.000; 34.274
values_10; 823; 32296; 8074.000; 39.241
values_100; 209; 8063; 2015.750; 38.578
values_101; 243; 9528; 2382.000; 39.209
values_102; 229; 9054; 2263.500; 39.537
values_103; 229; 9047; 2261.750; 39.506
values_104; 235; 9149; 2287.250; 38.931
values_105; 233; 9193; 2298.250; 39.454
values_106; 231; 9154; 2288.500; 39.627
values_107; 217; 8705; 2176.250; 40.115
values_108; 231; 9094; 2273.500; 39.367
values_109; 243; 9518; 2379.500; 39.168
values_11; 927; 36307; 9076.750; 39.166
values_110; 2911; 114624; 28656.000; 39.376
values_111; 3053; 119563; 29890.750; 39.162
values_112; 2981; 117013; 29253.250; 39.252
values_113; 2957; 115880; 28970.000; 39.188
values_114; 3109; 121054; 30263.500; 38.936
values_115; 3103; 120932; 30233.000; 38.972
values_116; 2951; 116229; 29057.250; 39.386
values_117; 3169; 125036; 31259.000; 39.455
values_118; 2875; 113040; 28260.000; 39.318
values_119; 3117; 122024; 30506.000; 39.147
values_12; 827; 33473; 8368.250; 40.475
values_120; 1479; 58073; 14518.250; 39.265
values_121; 1445; 56880; 14220.000; 39.363
values_122; 1493; 58912; 14728.000; 39.458
values_123; 1479; 58385; 14596.250; 39.475
values_124; 1445; 56887; 14221.750; 39.368
values_125; 1363; 53428; 13357.000; 39.198
values_126; 1473; 57819; 14454.750; 39.252
values_127; 1493; 59593; 14898.250; 39.914
values_128; 1427; 56360; 14090.000; 39.495
values_129; 1443; 56923; 14230.750; 39.447
values_13; 883; 35520; 8880.000; 40.226
values_130; 1397; 56084; 14021.000; 40.146
values_131; 1395; 54368; 13592.000; 38.973
values_132; 1375; 54325; 13581.250; 39.509
values_133; 1423; 56367; 14091.750; 39.611
values_134; 1479; 57985; 14496.250; 39.205
values_135; 1397; 55111; 13777.750; 39.449
values_136; 1447; 57386; 14346.500; 39.658
values_137; 1349; 53021; 13255.250; 39.303
values_138; 1391; 54953; 13738.250; 39.506
values_139; 1443; 56781; 14195.250; 39.349
values_14; 879; 34498; 8624.500; 39.246
values_140; 2843; 112578; 28144.500; 39.598
values_141; 2971; 116595; 29148.750; 39.244
values_142; 2841; 112307; 28076.750; 39.530
values_143; 2841; 111487; 27871.750; 39.242
values_144; 2859; 111473; 27868.250; 38.990
values_145; 2761; 107449; 26862.250; 38.916
values_146; 3043; 119173; 29793.250; 39.162
values_147; 2765; 107607; 26901.750; 38.917
values_148; 2773; 107768; 26942.000; 38.863
values_149; 3019; 117699; 29424.750; 38.986
values_15; 863; 33880; 8470.000; 39.258
values_150; 1043; 41268; 10317.000; 39.566
values_151; 1075; 42856; 10714.000; 39.866
values_152; 971; 38764; 9691.000; 39.921
values_153; 1015; 40706; 10176.500; 40.104
values_154; 1075; 42574; 10643.500; 39.603
values_155; 1091; 43686; 10921.500; 40.042
values_156; 1033; 40708; 10177.000; 39.407
values_157; 1053; 40941; 10235.250; 38.880
values_158; 1105; 43645; 10911.250; 39.497
values_159; 961; 37945; 9486.250; 39.484
values_16; 857; 34330; 8582.500; 40.058
values_160; 2635; 103735; 25933.750; 39.368
values_161; 2697; 106064; 26516.000; 39.326
values_162; 2673; 104563; 26140.750; 39.118
values_163; 2679; 105405; 26351.250; 39.344
values_164; 2623; 103015; 25753.750; 39.273
values_165; 2553; 100118; 25029.500; 39.215
values_166; 2757; 108250; 27062.500; 39.263
values_167; 2649; 104345; 26086.250; 39.390
values_168; 2655; 104274; 26068.500; 39.274
values_169; 2557; 100540; 25135.000; 39.319
values_17; 843; 33464; 8366.000; 39.696
values_170; 2537; 98916; 24729.000; 38.989
values_171; 2531; 99581; 24895.250; 39.344
values_172; 2439; 94838; 23709.500; 38.883
values_173; 2481; 96705; 24176.250; 38.978
values_174; 2465; 96562; 24140.500; 39.173
values_175; 2435; 95467; 23866.750; 39.206
values_176; 2567; 100731; 25182.750; 39.240
values_177; 2489; 97692; 24423.000; 39.249
values_178; 2477; 97590; 24397.500; 39.398
values_179; 2571; 100863; 25215.750; 39.231
values_18; 865; 34260; 8565.000; 39.606
values_180; 3457; 134719; 33679.750; 38.969
values_181; 3273; 127772; 31943.000; 39.038
values_182; 3329; 130561; 32640.250; 39.219
values_183; 3411; 132865; 33216.250; 38.951
values_184; 3357; 129914; 32478.500; 38.699
values_185; 3385; 132660; 33165.000; 39.190
values_186; 3367; 132679; 33169.750; 39.405
values_187; 3521; 138628; 34657.000; 39.371
values_188; 3441; 133362; 33340.500; 38.756
values_189; 3383; 132548; 33137.000; 39.180
values_19; 811; 31980; 7995.000; 39.432
values_190; 2027; 79644; 19911.000; 39.291
values_191; 1869; 72558; 18139.500; 38.821
values_192; 2009; 79732; 19933.000; 39.687
values_193; 1999; 77755; 19438.750; 38.896
values_194; 1889; 74799; 18699.750; 39.597
values_195; 2019; 79989; 19997.250; 39.618
values_196; 1881; 74023; 18505.750; 39.353
values_197; 1921; 74985; 18746.250; 39.034
values_198; 1959; 77092; 19273.000; 39.352
values_199; 1961; 76534; 19133.500; 39.028
values_20; 4199; 165681; 41420.250; 39.457
values_200; 919; 36125; 9031.250; 39.309
values_201; 909; 36354; 9088.500; 39.993
values_202; 825; 32651; 8162.750; 39.576
values_203; 883; 34653; 8663.250; 39.244
values_204; 823; 32033; 8008.250; 38.922
values_205; 901; 35370; 8842.500; 39.256
values_206; 913; 36456; 9114.000; 39.929
values_207; 849; 33572; 8393.000; 39.542
values_208; 847; 33847; 8461.750; 39.961
values_209; 893; 34844; 8711.000; 39.019
values_21; 4201; 164316; 41079.000; 39.113
values_210; 1487; 58612; 14653.000; 39.416
values_211; 1577; 62018; 15504.500; 39.326
values_212; 1543; 61049; 15262.250; 39.565
values_213; 1549; 60849; 15212.250; 39.282
values_214; 1491; 58548; 14637.000; 39.267
values_215; 1571; 61218; 15304.500; 38.967
values_216; 1547; 61096; 15274.000; 39.493
values_217; 1607; 63335; 15833.750; 39.411
values_218; 1489; 58574; 14643.500; 39.337
values_219; 1493; 60009; 15002.250; 40.193
values_22; 4143; 162262; 40565.500; 39.165
values_220; 4185; 163394; 40848.500; 39.042
values_221; 4259; 168253; 42063.250; 39.505
values_222; 4235; 166242; 41560.500; 39.254
values_223; 4187; 163864; 40966.000; 39.136
values_224; 4363; 168877; 42219.250; 38.706
values_225; 4291; 167241; 41810.250; 38.974
values_226; 4279; 168146; 42036.500; 39.295
values_227; 4289; 168583; 42145.750; 39.305
values_228; 4401; 172543; 43135.750; 39.205
values_229; 4341; 167206; 41801.500; 38.517
values_23; 4237; 164928; 41232.000; 38.925
values_230; 517; 20550; 5137.500; 39.748
values_231; 517; 20603; 5150.750; 39.851
values_232; 523; 20588; 5147.000; 39.365
values_233; 595; 23703; 5925.750; 39.836
values_234; 475; 18832; 4708.000; 39.646
values_235; 427; 17106; 4276.500; 40.060
values_236; 545; 21716; 5429.000; 39.845
values_237; 527; 21255; 5313.750; 40.332
values_238; 547; 21948; 5487.000; 40.124
values_239; 535; 21109; 5277.250; 39.456
values_24; 4349; 169571; 42392.750; 38.990
values_240; 237; 9428; 2357.000; 39.780
values_241; 281; 10974; 2743.500; 39.053
values_242; 273; 10925; 2731.250; 40.018
values_243; 249; 9807; 2451.750; 39.385
values_244; 271; 10763; 2690.750; 39.715
values_245; 281; 11063; 2765.750; 39.370
values_246; 281; 10962; 2740.500; 39.010
values_247; 281; 11015; 2753.750; 39.199
values_248; 281; 11016; 2754.000; 39.202
values_249; 241; 9621; 2405.250; 39.921
values_25; 4029; 158377; 39594.250; 39.309
values_250; 433; 17160; 4290.000; 39.630
values_251; 425; 16938; 4234.500; 39.854
values_252; 433; 17304; 4326.000; 39.963
values_253; 509; 20059; 5014.750; 39.408
values_254; 477; 19100; 4775.000; 40.041
values_255; 429; 17211; 4302.750; 40.118
values_256; 403; 15643; 3910.750; 38.816
values_257; 499; 20240; 5060.000; 40.561
values_258; 445; 17479; 4369.750; 39.278
values_259; 443; 17793; 4448.250; 40.164
values_26; 4105; 159367; 39841.750; 38.822
values_260; 4069; 159330; 39832.500; 39.157
values_261; 4091; 160512; 40128.000; 39.235
values_262; 3915; 151961; 37990.250; 38.815
values_263; 4027; 159178; 39794.500; 39.527
values_264; 4045; 156935; 39233.750; 38.797
values_265; 4045; 158611; 39652.750; 39.211
values_266; 3845; 150517; 37629.250; 39.146
values_267; 4045; 158763; 39690.750; 39.249
values_268; 4115; 158888; 39722.000; 38.611
values_269; 3981; 155462; 38865.500; 39.050
values_27; 4125; 160598; 40149.500; 38.932
values_270; 3451; 136947; 34236.750; 39.683
values_271; 3441; 133655; 33413.750; 38.841
values_272; 3499; 136962; 34240.500; 39.143
values_273; 3481; 136225; 34056.250; 39.133
values_274; 3643; 142900; 35725.000; 39.225
values_275; 3563; 138974; 34743.500; 39.004
values_276; 3457; 135226; 33806.500; 39.116
values_277; 3541; 137311; 34327.750; 38.777
values_278; 3391; 133211; 33302.750; 39.283
values_279; 3515; 138922; 34730.500; 39.522
values_28; 4159; 162019; 40504.750; 38.956
values_280; 4053; 157896; 39474.000; 38.957
values_281; 4203; 163997; 40999.250; 39.019
values_282; 4293; 168279; 42069.750; 39.198
values_283; 4183; 163531; 40882.750; 39.094
values_284; 4239; 166494; 41623.500; 39.276
values_285; 4249; 164731; 41182.750; 38.769
values_286; 4141; 163411; 40852.750; 39.461
values_287; 4305; 167020; 41755.000; 38.796
values_288; 4237; 165208; 41302.000; 38.991
values_289; 4055; 157522; 39380.500; 38.846
values_29; 4217; 165830; 41457.500; 39.324
values_290; 4775; 188073; 47018.250; 39.387
values_291; 4403; 172025; 43006.250; 39.069
values_292; 4517; 175747; 43936.750; 38.907
values_293; 4489; 176557; 44139.250; 39.331
values_294; 4381; 170092; 42523.000; 38.824
values_295; 4429; 174232; 43558.000; 39.338
values_296; 4475; 175262; 43815.500; 39.164
values_297; 4517; 177402; 44350.500; 39.274
values_298; 4311; 167850; 41962.500; 38.935
values_299; 4603; 178890; 44722.500; 38.863
values_30; 2369; 92122; 23030.500; 38.886
values_300; 687; 27214; 6803.500; 39.612
values_301; 705; 27779; 6944.750; 39.402
values_302; 695; 27282; 6820.500; 39.254
values_303; 733; 28372; 7093.000; 38.706
values_304; 755; 29545; 7386.250; 39.132
values_305; 693; 27518; 6879.500; 39.708
values_306; 721; 28725; 7181.250; 39.840
values_307; 689; 27652; 6913.000; 40.133
values_308; 771; 29937; 7484.250; 38.828
values_309; 705; 28532; 7133.000; 40.470
values_31; 2509; 97377; 24344.250; 38.811
values_310; 4143; 161536; 40384.000; 38.990
values_311; 4289; 168547; 42136.750; 39.297
values_312; 4123; 160619; 40154.750; 38.956
values_313; 4293; 167870; 41967.500; 39.103
values_314; 4167; 162072; 40518.000; 38.894
values_315; 4177; 161427; 40356.750; 38.646
values_316; 4277; 168334; 42083.500; 39.357
values_317; 4125; 159552; 39888.000; 38.679
values_318; 4191; 162383; 40595.750; 38.745
values_319; 4229; 164063; 41015.750; 38.794
values_32; 2313; 90768; 22692.000; 39.242
values_320; 3217; 126520; 31630.000; 39.328
values_321; 3357; 132348; 33087.000; 39.424
values_322; 3341; 131011; 32752.750; 39.213
values_323; 3237; 127090; 31772.500; 39.261
values_324; 3413; 134471; 33617.750; 39.399
values_325; 3281; 128801; 32200.250; 39.256
values_326; 3371; 131559; 32889.750; 39.026
values_327; 3321; 130712; 32678.000; 39.359
values_328; 3205; 125673; 31418.250; 39.211
values_329; 3293; 129174; 32293.500; 39.226
values_33; 2475; 98100; 24525.000; 39.636
values_330; 137; 5215; 1303.750; 38.065
values_331; 139; 5346; 1336.500; 38.460
values_332; 165; 6540; 1635.000; 39.636
values_333; 105; 3947; 986.750; 37.590
values_334; 105; 3947; 986.750; 37.590
values_335; 137; 5223; 1305.750; 38.124
values_336; 105; 3974; 993.500; 37.847
values_337; 137; 5215; 1303.750; 38.065
values_338; 165; 6468; 1617.000; 39.200
values_339; 137; 5215; 1303.750; 38.065
values_34; 2381; 93910; 23477.500; 39.441
values_340; 2579; 101063; 25265.750; 39.186
values_341; 2457; 96012; 24003.000; 39.076
values_342; 2645; 103445; 25861.250; 39.109
values_343; 2621; 102403; 25600.750; 39.070
values_344; 2523; 98107; 24526.750; 38.885
values_345; 2621; 103020; 25755.000; 39.305
values_346; 2495; 97376; 24344.000; 39.028
values_347; 2495; 99184; 24796.000; 39.753
values_348; 2537; 99360; 24840.000; 39.164
values_349; 2621; 101706; 25426.500; 38.804
values_35; 2439; 95387; 23846.750; 39.109
values_350; 2953; 114058; 28514.500; 38.624
values_351; 3049; 116709; 29177.250; 38.277
values_352; 3073; 120825; 30206.250; 39.318
values_353; 3081; 119862; 29965.500; 38.903
values_354; 3067; 120052; 30013.000; 39.143
values_355; 3087; 121417; 30354.250; 39.331
values_356; 3009; 118044; 29511.000; 39.230
values_357; 3173; 124066; 31016.500; 39.100
values_358; 3031; 118133; 29533.250; 38.974
values_359; 3037; 118866; 29716.500; 39.139
values_36; 2393; 93766; 23441.500; 39.183
values_360; 3399; 133289; 33322.250; 39.214
values_361; 3423; 133602; 33400.500; 39.030
values_362; 3313; 129067; 32266.750; 38.957
values_363; 3569; 141182; 35295.500; 39.557
values_364; 3317; 130114; 32528.500; 39.226
values_365; 3545; 137526; 34381.500; 38.794
values_366; 3433; 134020; 33505.000; 39.038
values_367; 3449; 134377; 33594.250; 38.961
values_368; 3393; 132457; 33114.250; 39.038
values_369; 3357; 130705; 32676.250; 38.935
values_37; 2513; 97935; 24483.750; 38.971
values_370; 3013; 117033; 29258.250; 38.842
values_371; 3205; 126946; 31736.500; 39.608
values_372; 3099; 120075; 30018.750; 38.746
values_373; 3213; 126215; 31553.750; 39.282
values_374; 3091; 121003; 30250.750; 39.146
values_375; 3161; 123347; 30836.750; 39.021
values_376; 3069; 120490; 30122.500; 39.260
values_377; 3103; 121391; 30347.750; 39.120
values_378; 3123; 120655; 30163.750; 38.634
values_379; 3005; 117574; 29393.500; 39.126
values_38; 2339; 92444; 23111.000; 39.522
values_380; 2731; 106643; 26660.750; 39.049
values_381; 2867; 111719; 27929.750; 38.967
values_382; 2919; 114298; 28574.500; 39.156
values_383; 2803; 110129; 27532.250; 39.289
values_384; 2819; 110129; 27532.250; 39.066
values_385; 2929; 115531; 28882.750; 39.443
values_386; 2897; 111999; 27999.750; 38.660
values_387; 2893; 114693; 28673.250; 39.645
values_388; 2975; 118447; 29611.750; 39.814
values_389; 2951; 115802; 28950.500; 39.241
values_39; 2427; 96282; 24070.500; 39.671
values_390; 773; 30535; 7633.750; 39.501
values_391; 857; 34141; 8535.250; 39.837
values_392; 789; 31596; 7899.000; 40.045
values_393; 827; 32293; 8073.250; 39.048
values_394; 759; 30283; 7570.750; 39.898
values_395; 793; 31471; 7867.750; 39.686
values_396; 847; 33691; 8422.750; 39.776
values_397; 841; 33979; 8494.750; 40.403
values_398; 823; 32013; 8003.250; 38.897
values_399; 793; 31435; 7858.750; 39.640
values_40; 4529; 176831; 44207.750; 39.044
values_400; 2707; 105271; 26317.750; 38.888
values_401; 2599; 102302; 25575.500; 39.362
values_402; 2575; 100454; 25113.500; 39.011
values_403; 2697; 106068; 26517.000; 39.328
values_404; 2733; 107076; 26769.000; 39.178
values_405; 2619; 102898; 25724.500; 39.289
values_406; 2621; 104148; 26037.000; 39.735
values_407; 2731; 106859; 26714.750; 39.128
values_408; 2571; 101121; 25280.250; 39.331
values_409; 2543; 99554; 24888.500; 39.148
values_41; 4517; 176283; 44070.750; 39.026
values_410; 3767; 147124; 36781.000; 39.056
values_411; 3591; 139148; 34787.000; 38.749
values_412; 3797; 147355; 36838.750; 38.808
values_413; 3659; 144072; 36018.000; 39.374
values_414; 3677; 143429; 35857.250; 39.007
values_415; 3605; 140753; 35188.250; 39.043
values_416; 3583; 139583; 34895.750; 38.957
values_417; 3787; 148527; 37131.750; 39.220
values_418; 3539; 138655; 34663.750; 39.179
values_419; 3703; 145646; 36411.500; 39.331
values_42; 4559; 176299; 44074.750; 38.670
values_420; 915; 36854; 9213.500; 40.277
values_421; 909; 35339; 8834.750; 38.876
values_422; 821; 32231; 8057.750; 39.258
values_423; 955; 37678; 9419.500; 39.453
values_424; 867; 34615; 8653.750; 39.925
values_425; 921; 36879; 9219.750; 40.042
values_426; 931; 36906; 9226.500; 39.641
values_427; 923; 36297; 9074.250; 39.325
values_428; 897; 36145; 9036.250; 40.295
values_429; 877; 33972; 8493.000; 38.736
values_43; 4569; 178068; 44517.000; 38.973
values_430; 2797; 110111; 27527.750; 39.367
values_431; 2771; 109821; 27455.250; 39.632
values_432; 2901; 113262; 28315.500; 39.042
values_433; 2929; 114917; 28729.250; 39.234
values_434; 2909; 114922; 28730.500; 39.505
values_435; 2967; 116542; 29135.500; 39.279
values_436; 2697; 105792; 26448.000; 39.225
values_437; 2797; 109420; 27355.000; 39.120
values_438; 2821; 111575; 27893.750; 39.551
values_439; 2933; 114412; 28603.000; 39.008
values_44; 4435; 172145; 43036.250; 38.815
values_440; 733; 29111; 7277.750; 39.714
values_441; 661; 26246; 6561.500; 39.706
values_442; 719; 29065; 7266.250; 40.424
values_443; 695; 27840; 6960.000; 40.057
values_444; 685; 27104; 6776.000; 39.567
values_445; 743; 29215; 7303.750; 39.320
values_446; 717; 28641; 7160.250; 39.945
values_447; 715; 28783; 7195.750; 40.255
values_448; 719; 29159; 7289.750; 40.554
values_449; 723; 28272; 7068.000; 39.103
values_45; 4253; 164662; 41165.500; 38.716
values_450; 2649; 104169; 26042.250; 39.323
values_451; 2667; 105983; 26495.750; 39.738
values_452; 2503; 98305; 24576.250; 39.274
values_453; 2687; 105098; 26274.500; 39.113
values_454; 2651; 103318; 25829.500; 38.973
values_455; 2587; 102375; 25593.750; 39.572
values_456; 2591; 100838; 25209.500; 38.918
values_457; 2743; 107564; 26891.000; 39.213
values_458; 2769; 109836; 27459.000; 39.666
values_459; 2743; 108296; 27074.000; 39.480
values_46; 4543; 178140; 44535.000; 39.211
values_460; 3379; 134220; 33555.000; 39.721
values_461; 3585; 143003; 35750.750; 39.889
values_462; 3363; 132049; 33012.250; 39.265
values_463; 3231; 126430; 31607.500; 39.130
values_464; 3357; 131316; 32829.000; 39.117
values_465; 3419; 133506; 33376.500; 39.048
values_466; 3427; 134593; 33648.250; 39.274
values_467; 3335; 131214; 32803.500; 39.344
values_468; 3375; 131754; 32938.500; 39.038
values_469; 3399; 133173; 33293.250; 39.180
values_47; 4631; 182125; 45531.250; 39.327
values_470; 817; 32386; 8096.500; 39.640
values_471; 813; 32954; 8238.500; 40.533
values_472; 845; 33885; 8471.250; 40.100
values_473; 799; 31823; 7955.750; 39.828
values_474; 797; 32121; 8030.250; 40.302
values_475; 797; 31625; 7906.250; 39.680
values_476; 771; 30407; 7601.750; 39.438
values_477; 833; 32878; 8219.500; 39.469
values_478; 793; 31424; 7856.000; 39.626
values_479; 785; 31203; 7800.750; 39.749
values_48; 4703; 185164; 46291.000; 39.371
values_480; 3673; 144159; 36039.750; 39.248
values_481; 3445; 134854; 33713.500; 39.144
values_482; 3607; 139861; 34965.250; 38.774
values_483; 3517; 138647; 34661.750; 39.421
values_484; 3731; 147094; 36773.500; 39.424
values_485; 3669; 143735; 35933.750; 39.175
values_486; 3381; 132345; 33086.250; 39.143
values_487; 3697; 145371; 36342.750; 39.321
values_488; 3743; 147325; 36831.250; 39.360
values_489; 3653; 142603; 35650.750; 39.037
values_49; 4509; 174993; 43748.250; 38.809
values_490; 4357; 169672; 42418.000; 38.942
values_491; 4261; 164996; 41249.000; 38.722
values_492; 4379; 169531; 42382.750; 38.714
values_493; 4239; 165288; 41322.000; 38.992
values_494; 4531; 179339; 44834.750; 39.580
values_495; 4341; 169197; 42299.250; 38.976
values_496; 4301; 169343; 42335.750; 39.372
values_497; 4181; 164122; 41030.500; 39.254
values_498; 4403; 171937; 42984.250; 39.049
values_499; 4459; 173645; 43411.250; 38.942
values_50; 191; 7355; 1838.750; 38.507
values_500; 181; 7133; 1783.250; 39.408
values_501; 155; 5876; 1469.000; 37.909
values_502; 175; 6859; 1714.750; 39.194
values_503; 153; 5840; 1460.000; 38.169
values_504; 155; 5952; 1488.000; 38.400
values_505; 175; 6753; 1688.250; 38.588
values_506; 187; 7125; 1781.250; 38.101
values_507; 175; 6908; 1727.000; 39.474
values_508; 141; 5454; 1363.500; 38.680
values_509; 145; 5718; 1429.500; 39.434
values_51; 179; 7040; 1760.000; 39.329
values_510; 2831; 110769; 27692.250; 39.127
values_511; 2951; 114009; 28502.250; 38.634
values_512; 2969; 116327; 29081.750; 39.180
values_513; 3093; 120571; 30142.750; 38.981
values_514; 2985; 117052; 29263.000; 39.213
values_515; 2957; 116934; 29233.500; 39.544
values_516; 2901; 114544; 28636.000; 39.484
values_517; 2823; 110345; 27586.250; 39.087
values_518; 2935; 115272; 28818.000; 39.274
values_519; 2823; 111053; 27763.250; 39.338
values_52; 203; 7852; 1963.000; 38.679
values_520; 635; 25457; 6364.250; 40.089
values_521; 647; 25577; 6394.250; 39.531
values_522; 633; 25448; 6362.000; 40.202
values_523; 571; 22753; 5688.250; 39.847
values_524; 617; 25308; 6327.000; 41.017
values_525; 661; 26274; 6568.500; 39.748
values_526; 575; 22761; 5690.250; 39.584
values_527; 621; 24105; 6026.250; 38.816
values_528; 663; 26472; 6618.000; 39.927
values_529; 605; 24296; 6074.000; 40.158
values_53; 203; 7759; 1939.750; 38.221
values_530; 393; 15467; 3866.750; 39.356
values_531; 391; 15514; 3878.500; 39.677
values_532; 413; 16628; 4157.000; 40.261
values_533; 383; 14889; 3722.250; 38.874
values_534; 381; 14682; 3670.500; 38.535
values_535; 353; 13773; 3443.250; 39.016
values_536; 367; 14327; 3581.750; 39.038
values_537; 385; 15448; 3862.000; 40.124
values_538; 375; 14603; 3650.750; 38.941
values_539; 389; 15577; 3894.250; 40.043
values_54; 157; 6050; 1512.500; 38.535
values_540; 369; 14709; 3677.250; 39.861
values_541; 385; 15387; 3846.750; 39.966
values_542; 293; 11215; 2803.750; 38.276
values_543; 327; 13068; 3267.000; 39.963
values_544; 303; 12007; 3001.750; 39.627
values_545; 367; 14666; 3666.500; 39.961
values_546; 303; 11917; 2979.250; 39.330
values_547; 317; 12856; 3214.000; 40.555
values_548; 329; 12584; 3146.000; 38.249
values_549; 305; 12450; 3112.500; 40.819
values_55; 227; 8800; 2200.000; 38.766
values_550; 1831; 71455; 17863.750; 39.025
values_551; 1705; 68285; 17071.250; 40.049
values_552; 1779; 70576; 17644.000; 39.671
values_553; 1955; 76913; 19228.250; 39.341
values_554; 1847; 73027; 18256.750; 39.538
values_555; 1925; 76392; 19098.000; 39.684
values_556; 1893; 75062; 18765.500; 39.652
values_557; 1803; 70380; 17595.000; 39.034
values_558; 1731; 68131; 17032.750; 39.359
values_559; 1769; 70407; 17601.750; 39.800
values_56; 201; 8087; 2021.750; 40.233
values_560; 3237; 126406; 31601.500; 39.050
values_561; 3513; 137322; 34330.500; 39.089
values_562; 3435; 134155; 33538.750; 39.055
values_563; 3339; 130462; 32615.500; 39.072
values_564; 3337; 131049; 32762.250; 39.271
values_565; 3433; 132932; 33233.000; 38.721
values_566; 3495; 136752; 34188.000; 39.127
values_567; 3367; 131917; 32979.250; 39.179
values_568; 3419; 134266; 33566.500; 39.270
values_569; 3227; 126759; 31689.750; 39.280
values_57; 191; 7365; 1841.250; 38.560
values_570; 1587; 62050; 15512.500; 39.098
values_571; 1653; 64372; 16093.000; 38.942
values_572; 1639; 64391; 16097.750; 39.286
values_573; 1715; 67700; 16925.000; 39.475
values_574; 1779; 70370; 17592.500; 39.555
values_575; 1793; 71532; 17883.000; 39.895
values_576; 1677; 65961; 16490.250; 39.332
values_577; 1701; 67378; 16844.500; 39.610
values_578; 1575; 62142; 15535.500; 39.455
values_579; 1779; 69997; 17499.250; 39.346
values_58; 223; 8767; 2191.750; 39.313
values_580; 945; 37644; 9411.000; 39.834
values_581; 947; 38029; 9507.250; 40.157
values_582; 981; 38756; 9689.000; 39.506
values_583; 1009; 39375; 9843.750; 39.023
values_584; 941; 37169; 9292.250; 39.499
values_585; 899; 35612; 8903.000; 39.612
values_586; 949; 37799; 9449.750; 39.830
values_587; 961; 37598; 9399.500; 39.123
values_588; 957; 38010; 9502.500; 39.717
values_589; 935; 36724; 9181.000; 39.277
values_59; 187; 7519; 1879.750; 40.208
values_590; 3623; 142512; 35628.000; 39.335
values_591; 3645; 141917; 35479.250; 38.934
values_592; 3943; 152705; 38176.250; 38.728
values_593; 3861; 150276; 37569.000; 38.921
values_594; 3819; 148872; 37218.000; 38.981
values_595; 3835; 148584; 37146.000; 38.744
values_596; 3811; 150379; 37594.750; 39.459
values_597; 3701; 145510; 36377.500; 39.316
values_598; 3947; 155163; 38790.750; 39.311
values_599; 3721; 147278; 36819.500; 39.580
values_60; 1955; 76956; 19239.000; 39.363
values_600; 3387; 132722; 33180.500; 39.185
values_601; 3391; 134445; 33611.250; 39.647
values_602; 3381; 132440; 33110.000; 39.171
values_603; 3557; 138304; 34576.000; 38.882
values_604; 3327; 130158; 32539.500; 39.121
values_605; 3581; 140561; 35140.250; 39.251
values_606; 3511; 137859; 34464.750; 39.264
values_607; 3529; 137272; 34318.000; 38.898
values_608; 3649; 142686; 35671.500; 39.102
values_609; 3511; 137403; 34350.750; 39.135
values_61; 1875; 73561; 18390.250; 39.232
values_610; 743; 29307; 7326.750; 39.444
values_611; 791; 31220; 7805.000; 39.469
values_612; 777; 30220; 7555.000; 38.893
values_613; 725; 28894; 7223.500; 39.853
values_614; 687; 27351; 6837.750; 39.812
values_615; 733; 29162; 7290.500; 39.784
values_616; 795; 31345; 7836.250; 39.427
values_617; 725; 28708; 7177.000; 39.597
values_618; 731; 29132; 7283.000; 39.852
values_619; 693; 27756; 6939.000; 40.051
values_62; 1955; 77918; 19479.500; 39.855
values_620; 3169; 123350; 30837.500; 38.923
values_621; 3249; 127514; 31878.500; 39.247
values_622; 3059; 121356; 30339.000; 39.671
values_623; 3115; 120361; 30090.250; 38.639
values_624; 3283; 129394; 32348.500; 39.413
values_625; 3271; 130230; 32557.500; 39.813
values_626; 3211; 126531; 31632.750; 39.405
values_627; 3219; 126486; 31621.500; 39.293
values_628; 3153; 123559; 30889.750; 39.187
values_629; 3343; 131573; 32893.250; 39.357
values_63; 1905; 74598; 18649.500; 39.159
values_630; 3077; 119881; 29970.250; 38.960
values_631; 3181; 124160; 31040.000; 39.031
values_632; 3081; 121057; 30264.250; 39.291
values_633; 3139; 122002; 30500.500; 38.866
values_634; 3263; 127147; 31786.750; 38.966
values_635; 3081; 120723; 30180.750; 39.183
values_636; 3161; 123523; 30880.750; 39.077
values_637; 3199; 125219; 31304.750; 39.143
values_638; 3037; 119120; 29780.000; 39.222
values_639; 3213; 123969; 30992.250; 38.583
values_64; 1873; 74752; 18688.000; 39.910
values_640; 763; 30116; 7529.000; 39.470
values_641; 717; 28962; 7240.500; 40.393
values_642; 803; 31973; 7993.250; 39.816
values_643; 737; 29299; 7324.750; 39.754
values_644; 809; 32199; 8049.750; 39.800
values_645; 835; 32979; 8244.750; 39.495
values_646; 777; 30738; 7684.500; 39.559
values_647; 879; 34715; 8678.750; 39.493
values_648; 837; 33099; 8274.750; 39.544
values_649; 859; 33844; 8461.000; 39.399
values_65; 1885; 74122; 18530.500; 39.322
values_650; 891; 35311; 8827.750; 39.630
values_651; 911; 36047; 9011.750; 39.568
values_652; 937; 36934; 9233.500; 39.417
values_653; 885; 35002; 8750.500; 39.550
values_654; 885; 35031; 8757.750; 39.583
values_655; 897; 35232; 8808.000; 39.277
values_656; 923; 36426; 9106.500; 39.464
values_657; 1007; 40499; 10124.750; 40.217
values_658; 911; 35898; 8974.500; 39.405
values_659; 883; 34609; 8652.250; 39.194
values_66; 1923; 74639; 18659.750; 38.813
values_660; 2571; 100067; 25016.750; 38.921
values_661; 2519; 99770; 24942.500; 39.606
values_662; 2817; 110673; 27668.250; 39.287
values_663; 2783; 109970; 27492.500; 39.514
values_664; 2743; 107105; 26776.250; 39.046
values_665; 2627; 102862; 25715.500; 39.155
values_666; 2641; 103479; 25869.750; 39.181
values_667; 2739; 107395; 26848.750; 39.209
values_668; 2637; 102968; 25742.000; 39.047
values_669; 2649; 103739; 25934.750; 39.161
values_67; 1873; 73726; 18431.500; 39.362
values_670; 1093; 43763; 10940.750; 40.039
values_671; 1015; 39908; 9977.000; 39.318
values_672; 1159; 45108; 11277.000; 38.919
values_673; 995; 39905; 9976.250; 40.105
values_674; 1035; 40993; 10248.250; 39.606
values_675; 1063; 42408; 10602.000; 39.894
values_676; 1091; 43508; 10877.000; 39.879
values_677; 1167; 46221; 11555.250; 39.606
values_678; 1139; 45079; 11269.750; 39.577
values_679; 1141; 44827; 11206.750; 39.287
values_68; 1879; 73506; 18376.500; 39.119
values_680; 1447; 56214; 14053.500; 38.848
values_681; 1447; 57323; 14330.750; 39.615
values_682; 1501; 60135; 15033.750; 40.063
values_683; 1467; 57117; 14279.250; 38.934
values_684; 1387; 55146; 13786.500; 39.759
values_685; 1465; 56684; 14171.000; 38.692
values_686; 1417; 55886; 13971.500; 39.439
values_687; 1435; 56832; 14208.000; 39.604
values_688; 1413; 55383; 13845.750; 39.195
values_689; 1405; 55035; 13758.750; 39.170
values_69; 1913; 75542; 18885.500; 39.488
values_690; 1829; 71118; 17779.500; 38.883
values_691; 1787; 69761; 17440.250; 39.038
values_692; 1849; 73156; 18289.000; 39.565
values_693; 1835; 70896; 17724.000; 38.635
values_694; 1743; 68460; 17115.000; 39.277
values_695; 1771; 69638; 17409.500; 39.321
values_696; 1725; 67774; 16943.500; 39.289
values_697; 1779; 69902; 17475.500; 39.292
values_698; 1695; 66868; 16717.000; 39.450
values_699; 1799; 70144; 17536.000; 38.990
values_70; 1715; 68228; 17057.000; 39.783
values_700; 2405; 93992; 23498.000; 39.081
values_701; 2371; 93336; 23334.000; 39.365
values_702; 2483; 98739; 24684.750; 39.766
values_703; 2243; 88990; 22247.500; 39.674
values_704; 2403; 93438; 23359.500; 38.883
values_705; 2447; 96773; 24193.250; 39.547
values_706; 2329; 91455; 22863.750; 39.267
values_707; 2367; 92765; 23191.250; 39.190
values_708; 2437; 95858; 23964.500; 39.334
values_709; 2399; 94099; 23524.750; 39.224
values_71; 1833; 72447; 18111.750; 39.523
values_710; 2629; 105333; 26333.250; 40.065
values_711; 2621; 101703; 25425.750; 38.803
values_712; 2721; 106838; 26709.500; 39.264
values_713; 2633; 103352; 25838.000; 39.252
values_714; 2593; 102066; 25516.500; 39.362
values_715; 2707; 106903; 26725.750; 39.491
values_716; 2569; 100481; 25120.250; 39.112
values_717; 2693; 106594; 26648.500; 39.581
values_718; 2661; 104440; 26110.000; 39.248
values_719; 2765; 109157; 27289.250; 39.478
values_72; 1777; 69359; 17339.750; 39.031
values_720; 355; 13837; 3459.250; 38.977
values_721; 387; 15459; 3864.750; 39.945
values_722; 339; 13719; 3429.750; 40.469
values_723; 381; 15210; 3802.500; 39.921
values_724; 321; 12644; 3161.000; 39.389
values_725; 365; 14211; 3552.750; 38.934
values_726; 375; 14461; 3615.250; 38.562
values_727; 411; 15945; 3986.250; 38.795
values_728; 359; 14120; 3530.000; 39.331
values_729; 395; 15596; 3899.000; 39.483
values_73; 1785; 70811; 17702.750; 39.670
values_730; 4093; 159464; 39866.000; 38.960
values_731; 4255; 165131; 41282.750; 38.808
values_732; 4341; 170298; 42574.500; 39.230
values_733; 4083; 159177; 39794.250; 38.985
values_734; 4283; 167255; 41813.750; 39.050
values_735; 4375; 171480; 42870.000; 39.195
values_736; 4179; 162693; 40673.250; 38.931
values_737; 4209; 163507; 40876.750; 38.846
values_738; 4353; 170767; 42691.750; 39.229
values_739; 4423; 172199; 43049.750; 38.932
values_74; 1731; 69217; 17304.250; 39.986
values_740; 487; 19687; 4921.750; 40.425
values_741; 561; 22095; 5523.750; 39.385
values_742; 571; 22916; 5729.000; 40.133
values_743; 539; 21571; 5392.750; 40.020
values_744; 529; 21090; 5272.500; 39.867
values_745; 599; 23648; 5912.000; 39.479
values_746; 585; 23516; 5879.000; 40.198
values_747; 539; 21109; 5277.250; 39.163
values_748; 601; 24090; 6022.500; 40.083
values_749; 595; 23171; 5792.750; 38.942
values_75; 1811; 71415; 17853.750; 39.434
values_750; 841; 33897; 8474.250; 40.305
values_751; 737; 28949; 7237.250; 39.279
values_752; 805; 31776; 7944.000; 39.473
values_753; 833; 33125; 8281.250; 39.765
values_754; 825; 32980; 8245.000; 39.975
values_755; 765; 30367; 7591.750; 39.695
values_756; 749; 29610; 7402.500; 39.532
values_757; 779; 30623; 7655.750; 39.310
values_758; 779; 31441; 7860.250; 40.360
values_759; 779; 30550; 7637.500; 39.216
values_76; 1771; 69525; 17381.250; 39.257
values_760; 3401; 131905; 32976.250; 38.784
values_761; 3425; 134530; 33632.500; 39.278
values_762; 3341; 130173; 32543.250; 38.962
values_763; 3359; 131140; 32785.000; 39.041
values_764; 3367; 131806; 32951.500; 39.146
values_765; 3301; 129113; 32278.250; 39.113
values_766; 3409; 131928; 32982.000; 38.699
values_767; 3429; 132552; 33138.000; 38.656
values_768; 3329; 130151; 32537.750; 39.096
values_769; 3367; 131349; 32837.250; 39.010
values_77; 1701; 67219; 16804.750; 39.517
values_770; 3315; 130464; 32616.000; 39.355
values_771; 3277; 126880; 31720.000; 38.718
values_772; 3469; 138473; 34618.250; 39.917
values_773; 3127; 122423; 30605.750; 39.150
values_774; 3207; 125616; 31404.000; 39.169
values_775; 3215; 126167; 31541.750; 39.243
values_776; 3319; 130314; 32578.500; 39.263
values_777; 3223; 126554; 31638.500; 39.265
values_778; 3337; 131320; 32830.000; 39.352
values_779; 3179; 124251; 31062.750; 39.084
values_78; 1861; 73863; 18465.750; 39.689
values_780; 3659; 142926; 35731.500; 39.061
values_781; 3793; 147488; 36872.000; 38.884
values_782; 3665; 143045; 35761.250; 39.030
values_783; 3801; 149180; 37295.000; 39.247
values_784; 3675; 143608; 35902.000; 39.077
values_785; 3625; 141002; 35250.500; 38.897
values_786; 3585; 139941; 34985.250; 39.035
values_787; 3709; 144108; 36027.000; 38.853
values_788; 3595; 140943; 35235.750; 39.205
values_789; 3761; 147256; 36814.000; 39.153
values_79; 1799; 70711; 17677.750; 39.305
values_790; 735; 28956; 7239.000; 39.395
values_791; 793; 31785; 7946.250; 40.081
values_792; 717; 28914; 7228.500; 40.326
values_793; 737; 29100; 7275.000; 39.484
values_794; 675; 26570; 6642.500; 39.362
values_795; 683; 27306; 6826.500; 39.979
values_796; 771; 30539; 7634.750; 39.609
values_797; 735; 29149; 7287.250; 39.658
values_798; 777; 30131; 7532.750; 38.778
values_799; 721; 29374; 7343.500; 40.740
values_80; 725; 29740; 7435.000; 41.020
values_800; 101; 3707; 926.750; 36.702
values_801; 101; 3723; 930.750; 36.861
values_802; 101; 3707; 926.750; 36.702
values_803; 101; 3675; 918.750; 36.386
values_804; 101; 3707; 926.750; 36.702
values_805; 103; 3847; 961.750; 37.349
values_806; 89; 3449; 862.250; 38.752
values_807; 101; 3675; 918.750; 36.386
values_808; 101; 3775; 943.750; 37.376
values_809; 103; 3847; 961.750; 37.349
values_81; 753; 30228; 7557.000; 40.143
values_810; 2839; 111158; 27789.500; 39.153
values_811; 2989; 116403; 29100.750; 38.943
values_812; 2945; 117317; 29329.250; 39.835
values_813; 2933; 114135; 28533.750; 38.914
values_814; 2963; 116252; 29063.000; 39.234
values_815; 2961; 114441; 28610.250; 38.649
values_816; 2867; 112331; 28082.750; 39.180
values_817; 2893; 113456; 28364.000; 39.217
values_818; 2955; 116402; 29100.500; 39.391
values_819; 2949; 115914; 28978.500; 39.306
values_82; 761; 30389; 7597.250; 39.932
values_820; 4595; 178814; 44703.500; 38.914
values_821; 4389; 170994; 42748.500; 38.959
values_822; 4511; 175596; 43899.000; 38.926
values_823; 4375; 171177; 42794.250; 39.126
values_824; 4551; 177663; 44415.750; 39.038
values_825; 4671; 185270; 46317.500; 39.663
values_826; 4661; 178808; 44702.000; 38.362
values_827; 4543; 176819; 44204.750; 38.921
values_828; 4715; 185242; 46310.500; 39.287
values_829; 4467; 175112; 43778.000; 39.201
values_83; 831; 32428; 8107.000; 39.022
values_830; 2017; 79707; 19926.750; 39.517
values_831; 1951; 74984; 18746.000; 38.433
values_832; 1921; 76070; 19017.500; 39.599
values_833; 1943; 76488; 19122.000; 39.365
values_834; 2023; 79443; 19860.750; 39.269
values_835; 2015; 79992; 19998.000; 39.698
values_836; 1991; 78950; 19737.500; 39.653
values_837; 1923; 74906; 18726.500; 38.952
values_838; 2003; 77887; 19471.750; 38.885
values_839; 1991; 79236; 19809.000; 39.797
values_84; 787; 31029; 7757.250; 39.426
values_840; 1215; 47875; 11968.750; 39.403
values_841; 1191; 46851; 11712.750; 39.337
values_842; 1333; 52765; 13191.250; 39.583
values_843; 1247; 50198; 12549.500; 40.255
values_844; 1269; 51082; 12770.500; 40.253
values_845; 1207; 47626; 11906.500; 39.458
values_846; 1281; 50748; 12687.000; 39.615
values_847; 1327; 52210; 13052.500; 39.344
values_848; 1309; 52125; 13031.250; 39.820
values_849; 1255; 49473; 12368.250; 39.420
values_85; 719; 28432; 7108.000; 39.543
values_850; 3697; 145043; 36260.750; 39.232
values_851; 3899; 152020; 38005.000; 38.989
values_852; 3705; 144011; 36002.750; 38.869
values_853; 3659; 141909; 35477.250; 38.783
values_854; 3697; 143967; 35991.750; 38.941
values_855; 3833; 148644; 37161.000; 38.780
values_856; 3763; 147654; 36913.500; 39.238
values_857; 3783; 147930; 36982.500; 39.103
values_858; 3639; 141915; 35478.750; 38.998
values_859; 3821; 149306; 37326.500; 39.075
values_86; 787; 30866; 7716.500; 39.219
values_860; 2567; 102322; 25580.500; 39.860
values_861; 2405; 93769; 23442.250; 38.989
values_862; 2583; 101355; 25338.750; 39.239
values_863; 2569; 100849; 25212.250; 39.256
values_864; 2409; 95093; 23773.250; 39.474
values_865; 2481; 96797; 24199.250; 39.015
values_866; 2495; 97530; 24382.500; 39.090
values_867; 2531; 99285; 24821.250; 39.227
values_868; 2531; 99051; 24762.750; 39.135
values_869; 2521; 99093; 24773.250; 39.307
values_87; 739; 30100; 7525.000; 40.730
values_870; 3769; 148352; 37088.000; 39.361
values_871; 3671; 144682; 36170.500; 39.412
values_872; 3667; 143466; 35866.500; 39.123
values_873; 3729; 147388; 36847.000; 39.524
values_874; 3821; 149029; 37257.250; 39.002
values_875; 3645; 143186; 35796.500; 39.282
values_876; 3737; 146425; 36606.250; 39.182
values_877; 3653; 142943; 35735.750; 39.130
values_878; 3785; 146718; 36679.500; 38.763
values_879; 3903; 151169; 37792.250; 38.731
values_88; 751; 29483; 7370.750; 39.258
values_880; 4039; 158214; 39553.500; 39.171
values_881; 4243; 167347; 41836.750; 39.440
values_882; 4359; 169695; 42423.750; 38.929
values_883; 4205; 163410; 40852.500; 38.860
values_884; 4309; 166807; 41701.750; 38.711
values_885; 4325; 169245; 42311.250; 39.131
values_886; 4201; 163599; 40899.750; 38.942
values_887; 4213; 167036; 41759.000; 39.647
values_888; 4247; 165272; 41318.000; 38.914
values_889; 4189; 162673; 40668.250; 38.833
values_89; 829; 32691; 8172.750; 39.434
values_890; 3059; 120842; 30210.500; 39.503
values_891; 3027; 117878; 29469.500; 38.942
values_892; 3131; 120941; 30235.250; 38.626
values_893; 3175; 124207; 31051.750; 39.120
values_894; 3077; 119803; 29950.750; 38.935
values_895; 3133; 122850; 30712.500; 39.211
values_896; 3221; 126069; 31517.250; 39.139
values_897; 3261; 129288; 32322.000; 39.646
values_898; 3141; 123736; 30934.000; 39.393
values_899; 2971; 116541; 29135.250; 39.226
values_90; 1851; 72593; 18148.250; 39.218
values_900; 3053; 119357; 29839.250; 39.094
values_901; 3267; 128319; 32079.750; 39.277
values_902; 3215; 125402; 31350.500; 39.005
values_903; 3261; 126635; 31658.750; 38.833
values_904; 3305; 130050; 32512.500; 39.349
values_905; 3113; 122565; 30641.250; 39.371
values_906; 3055; 118474; 29618.500; 38.780
values_907; 3189; 125958; 31489.500; 39.497
values_908; 3293; 127827; 31956.750; 38.817
values_909; 3177; 123384; 30846.000; 38.836
values_91; 2035; 79883; 19970.750; 39.254
values_910; 4543; 177314; 44328.500; 39.030
values_911; 4661; 183362; 45840.500; 39.339
values_912; 4563; 180055; 45013.750; 39.459
values_913; 4359; 169074; 42268.500; 38.787
values_914; 4591; 179065; 44766.250; 39.003
values_915; 4419; 171862; 42965.500; 38.891
values_916; 4497; 176474; 44118.500; 39.242
values_917; 4775; 186040; 46510.000; 38.961
values_918; 4297; 168277; 42069.250; 39.161
values_919; 4739; 185136; 46284.000; 39.066
values_92; 1839; 72693; 18173.250; 39.528
values_920; 2045; 80529; 20132.250; 39.378
values_921; 1873; 74403; 18600.750; 39.723
values_922; 1853; 72822; 18205.500; 39.299
values_923; 1937; 75501; 18875.250; 38.978
values_924; 2065; 80941; 20235.250; 39.196
values_925; 2013; 78753; 19688.250; 39.122
values_926; 1889; 74273; 18568.250; 39.318
values_927; 1897; 74251; 18562.750; 39.141
values_928; 1939; 74784; 18696.000; 38.568
values_929; 2051; 80158; 20039.500; 39.082
values_93; 1861; 72718; 18179.500; 39.074
values_930; 3251; 126717; 31679.250; 38.977
values_931; 3311; 128886; 32221.500; 38.926
values_932; 3395; 132103; 33025.750; 38.911
values_933; 3337; 132317; 33079.250; 39.651
values_934; 3375; 129859; 32464.750; 38.476
values_935; 3491; 137734; 34433.500; 39.454
values_936; 3309; 130511; 32627.750; 39.441
values_937; 3425; 134240; 33560.000; 39.194
values_938; 3373; 132775; 33193.750; 39.364
values_939; 3371; 130372; 32593.000; 38.674
values_94; 1953; 77641; 19410.250; 39.754
values_940; 4065; 159442; 39860.500; 39.223
values_941; 3931; 153969; 38492.250; 39.167
values_942; 4025; 156337; 39084.250; 38.841
values_943; 3943; 155325; 38831.250; 39.392
values_944; 3985; 155737; 38934.250; 39.080
values_945; 4035; 158785; 39696.250; 39.351
values_946; 4041; 157448; 39362.000; 38.962
values_947; 4079; 158029; 39507.250; 38.742
values_948; 3933; 154772; 38693.000; 39.352
values_949; 3981; 155086; 38771.500; 38.956
values_95; 1845; 71797; 17949.250; 38.914
values_950; 537; 21118; 5279.500; 39.325
values_951; 529; 20896; 5224.000; 39.500
values_952; 565; 22583; 5645.750; 39.969
values_953; 531; 20869; 5217.250; 39.301
values_954; 607; 24037; 6009.250; 39.599
values_955; 577; 23152; 5788.000; 40.124
values_956; 541; 21944; 5486.000; 40.561
values_957; 573; 22420; 5605.000; 39.127
values_958; 567; 21908; 5477.000; 38.638
values_959; 509; 20448; 5112.000; 40.172
values_96; 1895; 74393; 18598.250; 39.257
values_960; 3201; 123649; 30912.250; 38.628
values_961; 3185; 125124; 31281.000; 39.285
values_962; 3095; 121602; 30400.500; 39.289
values_963; 3405; 132944; 33236.000; 39.043
values_964; 3121; 121128; 30282.000; 38.810
values_965; 3267; 128592; 32148.000; 39.360
values_966; 3295; 127801; 31950.250; 38.786
values_967; 3245; 125512; 31378.000; 38.678
values_968; 3383; 132867; 33216.750; 39.274
values_969; 3243; 126425; 31606.250; 38.983
values_97; 1845; 72872; 18218.000; 39.497
values_970; 3249; 126188; 31547.000; 38.839
values_971; 3089; 121550; 30387.500; 39.349
values_972; 3179; 124015; 31003.750; 39.010
values_973; 3117; 122683; 30670.750; 39.359
values_974; 3129; 122915; 30728.750; 39.282
values_975; 2973; 116527; 29131.750; 39.195
values_976; 3123; 122211; 30552.750; 39.132
values_977; 3075; 119821; 29955.250; 38.966
values_978; 3181; 123777; 30944.250; 38.911
values_979; 3291; 128563; 32140.750; 39.065
values_98; 1991; 78889; 19722.250; 39.622
values_980; 1921; 76226; 19056.500; 39.680
values_981; 1973; 78313; 19578.250; 39.692
values_982; 2013; 78520; 19630.000; 39.006
values_983; 2019; 79615; 19903.750; 39.432
values_984; 1933; 75619; 18904.750; 39.120
values_985; 1919; 75634; 18908.500; 39.413
values_986; 2049; 80386; 20096.500; 39.231
values_987; 2079; 82710; 20677.500; 39.783
values_988; 2019; 78716; 19679.000; 38.987
values_989; 1885; 73384; 18346.000; 38.930
values_99; 1989; 77907; 19476.750; 39.168
values_990; 2583; 101257; 25314.250; 39.201
values_991; 2647; 102835; 25708.750; 38.849
values_992; 2535; 98450; 24612.500; 38.836
values_993; 2673; 104177; 26044.250; 38.973
values_994; 2495; 96933; 24233.250; 38.850
values_995; 2529; 99472; 24868.000; 39.332
values_996; 2665; 105684; 26421.000; 39.656
values_997; 2407; 94880; 23720.000; 39.418
values_998; 2599; 102567; 25641.750; 39.464
values_999; 2513; 98107; 24526.750; 39.039
