Incite; Executed C Instr; Clock Cycle Effective; Execution Time; CC4CS;
values_00; 32; 289; 72.250; 9.031
values_01; 32; 289; 72.250; 9.031
values_02; 16; 166; 41.500; 10.375
values_03; 16; 166; 41.500; 10.375
values_04; 16; 166; 41.500; 10.375
values_05; 16; 166; 41.500; 10.375
values_06; 32; 289; 72.250; 9.031
values_07; 32; 289; 72.250; 9.031
values_08; 16; 166; 41.500; 10.375
values_09; 32; 289; 72.250; 9.031
values_10; 332; 3593; 898.250; 10.822
values_100; 8538; 96797; 24199.250; 11.337
values_101; 9174; 103853; 25963.250; 11.320
values_102; 7780; 88522; 22130.500; 11.378
values_103; 8965; 101562; 25390.500; 11.328
values_104; 9002; 102133; 25533.250; 11.345
values_105; 8397; 95067; 23766.750; 11.321
values_106; 8875; 100750; 25187.500; 11.352
values_107; 8607; 97486; 24371.500; 11.326
values_108; 9256; 104873; 26218.250; 11.330
values_109; 8044; 91192; 22798.000; 11.336
values_11; 369; 3922; 980.500; 10.628
values_110; 8413; 95470; 23867.500; 11.347
values_111; 9628; 108941; 27235.250; 11.315
values_112; 8428; 95390; 23847.500; 11.318
values_113; 8531; 96629; 24157.250; 11.326
values_114; 9102; 103031; 25757.750; 11.319
values_115; 9085; 102758; 25689.500; 11.310
values_116; 8636; 97880; 24470.000; 11.333
values_117; 8617; 97795; 24448.750; 11.349
values_118; 9131; 103356; 25839.000; 11.319
values_119; 8768; 99222; 24805.500; 11.316
values_12; 416; 4427; 1106.750; 10.641
values_120; 26902; 307131; 76782.750; 11.416
values_121; 24560; 281101; 70275.250; 11.445
values_122; 28266; 322279; 80569.750; 11.401
values_123; 25955; 296295; 74073.750; 11.415
values_124; 28766; 327989; 81997.250; 11.401
values_125; 24459; 280047; 70011.750; 11.449
values_126; 25353; 289638; 72409.500; 11.424
values_127; 26248; 300099; 75024.750; 11.433
values_128; 26703; 304899; 76224.750; 11.418
values_129; 25408; 290461; 72615.250; 11.431
values_13; 388; 4082; 1020.500; 10.520
values_130; 12365; 139980; 34995.000; 11.320
values_131; 10551; 119678; 29919.500; 11.342
values_132; 11677; 132062; 33015.500; 11.309
values_133; 10253; 116638; 29159.500; 11.375
values_134; 11486; 130302; 32575.500; 11.344
values_135; 13261; 149646; 37411.500; 11.284
values_136; 11352; 128574; 32143.500; 11.326
values_137; 10598; 120118; 30029.500; 11.334
values_138; 10188; 115626; 28906.500; 11.349
values_139; 11361; 128761; 32190.250; 11.333
values_14; 324; 3452; 863.000; 10.654
values_140; 391; 4140; 1035.000; 10.588
values_141; 388; 4103; 1025.750; 10.574
values_142; 361; 3834; 958.500; 10.620
values_143; 351; 3700; 925.000; 10.541
values_144; 420; 4434; 1108.500; 10.557
values_145; 222; 2449; 612.250; 11.031
values_146; 419; 4411; 1102.750; 10.527
values_147; 357; 3827; 956.750; 10.719
values_148; 460; 4821; 1205.250; 10.480
values_149; 243; 2570; 642.500; 10.576
values_15; 425; 4538; 1134.500; 10.677
values_150; 31729; 363032; 90758.000; 11.441
values_151; 31966; 365004; 91251.000; 11.418
values_152; 31574; 361497; 90374.250; 11.449
values_153; 32448; 371018; 92754.500; 11.434
values_154; 33539; 383204; 95801.000; 11.425
values_155; 30993; 355478; 88869.500; 11.469
values_156; 32634; 373394; 93348.500; 11.441
values_157; 29855; 341283; 85320.750; 11.431
values_158; 33049; 377747; 94436.750; 11.429
values_159; 30399; 348813; 87203.250; 11.474
values_16; 382; 4061; 1015.250; 10.630
values_160; 18601; 211578; 52894.500; 11.374
values_161; 18889; 214695; 53673.750; 11.366
values_162; 17736; 201997; 50499.250; 11.389
values_163; 18302; 208498; 52124.500; 11.392
values_164; 18107; 206170; 51542.500; 11.386
values_165; 18509; 210529; 52632.250; 11.374
values_166; 17418; 198426; 49606.500; 11.392
values_167; 18082; 205936; 51484.000; 11.389
values_168; 16661; 190404; 47601.000; 11.428
values_169; 17501; 199556; 49889.000; 11.402
values_17; 440; 4638; 1159.500; 10.540
values_170; 24761; 282693; 70673.250; 11.416
values_171; 27318; 310818; 77704.500; 11.377
values_172; 26033; 296909; 74227.250; 11.405
values_173; 24840; 283166; 70791.500; 11.399
values_174; 26342; 300017; 75004.250; 11.389
values_175; 27540; 313267; 78316.750; 11.374
values_176; 23487; 268160; 67040.000; 11.417
values_177; 24655; 281366; 70341.500; 11.412
values_178; 25201; 287705; 71926.250; 11.416
values_179; 26448; 301250; 75312.500; 11.390
values_18; 404; 4205; 1051.250; 10.408
values_180; 15534; 176448; 44112.000; 11.358
values_181; 15814; 179668; 44917.000; 11.361
values_182; 14605; 166186; 41546.500; 11.378
values_183; 16328; 185358; 46339.500; 11.352
values_184; 15927; 180911; 45227.750; 11.358
values_185; 15321; 174386; 43596.500; 11.382
values_186; 16423; 186391; 46597.750; 11.349
values_187; 15827; 179997; 44999.250; 11.372
values_188; 14690; 167172; 41793.000; 11.379
values_189; 14452; 164275; 41068.750; 11.366
values_19; 465; 4978; 1244.500; 10.705
values_190; 220; 2226; 556.500; 10.118
values_191; 178; 1846; 461.500; 10.370
values_192; 157; 1566; 391.500; 9.974
values_193; 252; 2631; 657.750; 10.440
values_194; 236; 2455; 613.750; 10.402
values_195; 146; 1547; 386.750; 10.595
values_196; 225; 2330; 582.500; 10.355
values_197; 155; 1605; 401.250; 10.354
values_198; 190; 1941; 485.250; 10.215
values_199; 228; 2367; 591.750; 10.381
values_20; 16068; 182204; 45551.000; 11.339
values_200; 4253; 47433; 11858.250; 11.152
values_201; 3752; 42127; 10531.750; 11.227
values_202; 3479; 38888; 9722.000; 11.177
values_203; 3044; 34459; 8614.750; 11.320
values_204; 3167; 35658; 8914.500; 11.259
values_205; 3449; 38784; 9696.000; 11.244
values_206; 3661; 41048; 10262.000; 11.212
values_207; 3026; 33898; 8474.500; 11.202
values_208; 3501; 39224; 9806.000; 11.203
values_209; 3487; 39147; 9786.750; 11.226
values_21; 15749; 178729; 44682.250; 11.348
values_210; 29375; 336530; 84132.500; 11.456
values_211; 30142; 344739; 86184.750; 11.437
values_212; 30896; 353083; 88270.750; 11.428
values_213; 31847; 364234; 91058.500; 11.436
values_214; 32571; 372185; 93046.250; 11.426
values_215; 31559; 360757; 90189.250; 11.431
values_216; 33413; 381302; 95325.500; 11.411
values_217; 28116; 322807; 80701.750; 11.481
values_218; 32907; 375452; 93863.000; 11.409
values_219; 34080; 388590; 97147.500; 11.402
values_22; 15998; 181755; 45438.750; 11.361
values_220; 27598; 316068; 79017.000; 11.452
values_221; 29217; 333373; 83343.250; 11.410
values_222; 30545; 348707; 87176.750; 11.416
values_223; 29545; 337835; 84458.750; 11.434
values_224; 29921; 342225; 85556.250; 11.437
values_225; 30677; 350123; 87530.750; 11.413
values_226; 29933; 342298; 85574.500; 11.435
values_227; 29188; 334008; 83502.000; 11.443
values_228; 27738; 317585; 79396.250; 11.449
values_229; 31194; 355706; 88926.500; 11.403
values_23; 13895; 158326; 39581.500; 11.394
values_230; 20777; 236629; 59157.250; 11.388
values_231; 19547; 222738; 55684.500; 11.394
values_232; 19751; 225159; 56289.750; 11.399
values_233; 19706; 224953; 56238.250; 11.415
values_234; 20401; 232619; 58154.750; 11.402
values_235; 20037; 228013; 57003.250; 11.379
values_236; 19411; 221701; 55425.250; 11.421
values_237; 20606; 234744; 58686.000; 11.392
values_238; 20946; 238371; 59592.750; 11.380
values_239; 19166; 218989; 54747.250; 11.425
values_24; 15055; 171467; 42866.750; 11.389
values_240; 26618; 304669; 76167.250; 11.445
values_241; 25529; 292707; 73176.750; 11.465
values_242; 24986; 286406; 71601.500; 11.462
values_243; 27777; 317471; 79367.750; 11.429
values_244; 26932; 307947; 76986.750; 11.434
values_245; 29496; 336358; 84089.500; 11.403
values_246; 28037; 320337; 80084.250; 11.425
values_247; 27848; 318291; 79572.750; 11.429
values_248; 26026; 298030; 74507.500; 11.451
values_249; 27903; 319035; 79758.750; 11.433
values_25; 14266; 162674; 40668.500; 11.402
values_250; 289; 3013; 753.250; 10.425
values_251; 270; 2800; 700.000; 10.370
values_252; 281; 2872; 718.000; 10.220
values_253; 228; 2420; 605.000; 10.614
values_254; 273; 2837; 709.250; 10.391
values_255; 135; 1422; 355.500; 10.533
values_256; 188; 2033; 508.250; 10.813
values_257; 204; 2156; 539.000; 10.568
values_258; 154; 1635; 408.750; 10.616
values_259; 130; 1371; 342.750; 10.546
values_26; 15662; 178059; 44514.750; 11.368
values_260; 28124; 320538; 80134.500; 11.397
values_261; 29063; 331179; 82794.750; 11.395
values_262; 25712; 294095; 73523.750; 11.438
values_263; 25918; 295880; 73970.000; 11.416
values_264; 27855; 317372; 79343.000; 11.393
values_265; 27081; 309159; 77289.750; 11.416
values_266; 27635; 315403; 78850.750; 11.413
values_267; 28309; 322915; 80728.750; 11.406
values_268; 26471; 302424; 75606.000; 11.424
values_269; 26384; 301286; 75321.500; 11.419
values_27; 13812; 156979; 39244.750; 11.365
values_270; 10569; 119899; 29974.750; 11.344
values_271; 10342; 117684; 29421.000; 11.379
values_272; 11260; 127463; 31865.750; 11.319
values_273; 10032; 114214; 28553.500; 11.384
values_274; 10182; 115817; 28954.250; 11.374
values_275; 10260; 116365; 29091.250; 11.341
values_276; 11071; 125396; 31349.000; 11.326
values_277; 9923; 112775; 28193.750; 11.365
values_278; 10839; 122643; 30660.750; 11.314
values_279; 9517; 108351; 27087.750; 11.384
values_28; 15677; 178020; 44505.000; 11.355
values_280; 6770; 76577; 19144.250; 11.311
values_281; 7235; 81959; 20489.750; 11.328
values_282; 7732; 87164; 21791.000; 11.273
values_283; 7558; 85178; 21294.500; 11.269
values_284; 6884; 78088; 19522.000; 11.343
values_285; 7338; 82890; 20722.500; 11.295
values_286; 7714; 87005; 21751.250; 11.278
values_287; 6621; 74983; 18745.750; 11.325
values_288; 6578; 74092; 18523.000; 11.263
values_289; 7514; 84836; 21209.000; 11.290
values_29; 13985; 159221; 39805.250; 11.385
values_290; 391; 4140; 1035.000; 10.588
values_291; 364; 3818; 954.500; 10.489
values_292; 380; 3962; 990.500; 10.426
values_293; 433; 4626; 1156.500; 10.683
values_294; 349; 3654; 913.500; 10.469
values_295; 314; 3403; 850.750; 10.837
values_296; 396; 4170; 1042.500; 10.530
values_297; 340; 3628; 907.000; 10.670
values_298; 400; 4304; 1076.000; 10.760
values_299; 343; 3665; 916.250; 10.685
values_30; 7690; 87218; 21804.500; 11.341
values_300; 21331; 244393; 61098.250; 11.457
values_301; 24190; 275975; 68993.750; 11.408
values_302; 23008; 262556; 65639.000; 11.411
values_303; 24649; 281090; 70272.500; 11.403
values_304; 23421; 267449; 66862.250; 11.419
values_305; 22006; 250721; 62680.250; 11.393
values_306; 25320; 288270; 72067.500; 11.385
values_307; 22530; 257653; 64413.250; 11.435
values_308; 24200; 275907; 68976.750; 11.401
values_309; 23014; 263164; 65791.000; 11.434
values_31; 8805; 99360; 24840.000; 11.284
values_310; 937; 10339; 2584.750; 11.034
values_311; 907; 9980; 2495.000; 11.003
values_312; 1161; 12740; 3185.000; 10.973
values_313; 904; 9784; 2446.000; 10.823
values_314; 883; 9843; 2460.750; 11.147
values_315; 1094; 11935; 2983.750; 10.909
values_316; 954; 10538; 2634.500; 11.046
values_317; 937; 10233; 2558.250; 10.921
values_318; 854; 9422; 2355.500; 11.032
values_319; 1156; 12689; 3172.250; 10.976
values_32; 7117; 80885; 20221.250; 11.365
values_320; 488; 5287; 1321.750; 10.834
values_321; 710; 7727; 1931.750; 10.883
values_322; 712; 7635; 1908.750; 10.723
values_323; 530; 5752; 1438.000; 10.852
values_324; 579; 6250; 1562.500; 10.794
values_325; 644; 6956; 1739.000; 10.801
values_326; 759; 8172; 2043.000; 10.766
values_327; 583; 6236; 1559.000; 10.696
values_328; 578; 6174; 1543.500; 10.681
values_329; 517; 5666; 1416.500; 10.959
values_33; 7466; 84687; 21171.750; 11.343
values_330; 93; 918; 229.500; 9.870
values_331; 88; 920; 230.000; 10.454
values_332; 88; 920; 230.000; 10.454
values_333; 85; 883; 220.750; 10.388
values_334; 123; 1256; 314.000; 10.211
values_335; 131; 1291; 322.750; 9.854
values_336; 58; 635; 158.750; 10.948
values_337; 107; 1080; 270.000; 10.093
values_338; 115; 1115; 278.750; 9.695
values_339; 115; 1115; 278.750; 9.695
values_34; 8082; 91402; 22850.500; 11.309
values_340; 33651; 384180; 96045.000; 11.416
values_341; 33210; 379175; 94793.750; 11.417
values_342; 34236; 391073; 97768.250; 11.422
values_343; 32521; 372450; 93112.500; 11.452
values_344; 34919; 398272; 99568.000; 11.405
values_345; 31023; 355435; 88858.750; 11.457
values_346; 33338; 381206; 95301.500; 11.434
values_347; 30491; 350077; 87519.250; 11.481
values_348; 33936; 387653; 96913.250; 11.423
values_349; 33795; 385498; 96374.500; 11.406
values_35; 8995; 101372; 25343.000; 11.269
values_350; 31256; 357451; 89362.750; 11.436
values_351; 31519; 360100; 90025.000; 11.424
values_352; 30162; 345463; 86365.750; 11.453
values_353; 29431; 336371; 84092.750; 11.429
values_354; 31509; 359557; 89889.250; 11.411
values_355; 30121; 344686; 86171.500; 11.443
values_356; 31430; 359152; 89788.000; 11.427
values_357; 31260; 357212; 89303.000; 11.427
values_358; 30513; 349143; 87285.750; 11.442
values_359; 29968; 343102; 85775.500; 11.448
values_36; 8488; 96047; 24011.750; 11.315
values_360; 27580; 314599; 78649.750; 11.406
values_361; 25731; 294212; 73553.000; 11.434
values_362; 24454; 279655; 69913.750; 11.435
values_363; 25615; 292741; 73185.250; 11.428
values_364; 24942; 285427; 71356.750; 11.443
values_365; 25265; 288840; 72210.000; 11.432
values_366; 26282; 300328; 75082.000; 11.427
values_367; 26623; 303989; 75997.250; 11.418
values_368; 25328; 289852; 72463.000; 11.443
values_369; 28023; 319016; 79754.000; 11.384
values_37; 7469; 84567; 21141.750; 11.322
values_370; 1109; 11996; 2999.000; 10.816
values_371; 946; 10305; 2576.250; 10.893
values_372; 872; 9594; 2398.500; 11.002
values_373; 989; 10729; 2682.250; 10.848
values_374; 789; 8666; 2166.500; 10.983
values_375; 930; 10129; 2532.250; 10.891
values_376; 807; 8782; 2195.500; 10.882
values_377; 922; 10041; 2510.250; 10.890
values_378; 1002; 10921; 2730.250; 10.899
values_379; 701; 7804; 1951.000; 11.132
values_38; 7921; 89416; 22354.000; 11.288
values_380; 19636; 223954; 55988.500; 11.405
values_381; 20532; 233757; 58439.250; 11.385
values_382; 19485; 222370; 55592.500; 11.412
values_383; 20209; 230157; 57539.250; 11.388
values_384; 19155; 218873; 54718.250; 11.426
values_385; 19760; 225378; 56344.500; 11.405
values_386; 18806; 214975; 53743.750; 11.431
values_387; 18308; 209388; 52347.000; 11.436
values_388; 17977; 205529; 51382.250; 11.432
values_389; 18320; 208810; 52202.500; 11.397
values_39; 8558; 96793; 24198.250; 11.310
values_390; 5602; 62783; 15695.750; 11.207
values_391; 4580; 51721; 12930.250; 11.292
values_392; 4582; 51896; 12974.000; 11.326
values_393; 5396; 60615; 15153.750; 11.233
values_394; 5462; 61460; 15365.000; 11.252
values_395; 5221; 58754; 14688.500; 11.253
values_396; 4903; 55196; 13799.000; 11.257
values_397; 5432; 60994; 15248.500; 11.228
values_398; 4767; 53741; 13435.250; 11.273
values_399; 4705; 53273; 13318.250; 11.322
values_40; 10210; 116768; 29192.000; 11.436
values_400; 1099; 11923; 2980.750; 10.848
values_401; 1184; 12865; 3216.250; 10.865
values_402; 1148; 12548; 3137.000; 10.930
values_403; 964; 10757; 2689.250; 11.158
values_404; 1167; 12867; 3216.750; 11.025
values_405; 857; 9544; 2386.000; 11.136
values_406; 1216; 13270; 3317.500; 10.912
values_407; 1392; 15206; 3801.500; 10.923
values_408; 1062; 11700; 2925.000; 11.016
values_409; 995; 10927; 2731.750; 10.981
values_41; 12681; 143599; 35899.750; 11.323
values_410; 32302; 369426; 92356.500; 11.436
values_411; 31723; 362862; 90715.500; 11.438
values_412; 35297; 402742; 100685.500; 11.410
values_413; 34565; 394535; 98633.750; 11.414
values_414; 31402; 359607; 89901.750; 11.451
values_415; 33137; 378694; 94673.500; 11.428
values_416; 33625; 384573; 96143.250; 11.437
values_417; 35440; 404206; 101051.500; 11.405
values_418; 33473; 382293; 95573.250; 11.420
values_419; 29282; 336479; 84119.750; 11.490
values_42; 10218; 116363; 29090.750; 11.388
values_420; 32; 289; 72.250; 9.031
values_421; 16; 166; 41.500; 10.375
values_422; 16; 166; 41.500; 10.375
values_423; 16; 166; 41.500; 10.375
values_424; 32; 289; 72.250; 9.031
values_425; 16; 166; 41.500; 10.375
values_426; 16; 166; 41.500; 10.375
values_427; 32; 289; 72.250; 9.031
values_428; 16; 166; 41.500; 10.375
values_429; 32; 289; 72.250; 9.031
values_43; 11182; 126921; 31730.250; 11.350
values_430; 7497; 84756; 21189.000; 11.305
values_431; 7178; 81150; 20287.500; 11.305
values_432; 7292; 82473; 20618.250; 11.310
values_433; 7664; 86570; 21642.500; 11.295
values_434; 7557; 85411; 21352.750; 11.302
values_435; 7490; 84360; 21090.000; 11.263
values_436; 8170; 92107; 23026.750; 11.273
values_437; 7226; 81882; 20470.500; 11.331
values_438; 6924; 78489; 19622.250; 11.335
values_439; 7228; 81790; 20447.500; 11.315
values_44; 10510; 119742; 29935.500; 11.393
values_440; 7158; 80926; 20231.500; 11.305
values_441; 7259; 82192; 20548.000; 11.322
values_442; 7847; 88443; 22110.750; 11.270
values_443; 7466; 84350; 21087.500; 11.297
values_444; 6750; 76310; 19077.500; 11.305
values_445; 7139; 80533; 20133.250; 11.280
values_446; 7825; 88310; 22077.500; 11.285
values_447; 7499; 84705; 21176.250; 11.295
values_448; 7297; 82310; 20577.500; 11.279
values_449; 6007; 67892; 16973.000; 11.302
values_45; 11803; 133750; 33437.500; 11.331
values_450; 2110; 23516; 5879.000; 11.145
values_451; 2112; 23541; 5885.250; 11.146
values_452; 2151; 23958; 5989.500; 11.138
values_453; 2246; 25086; 6271.500; 11.169
values_454; 2294; 25614; 6403.500; 11.165
values_455; 2358; 26318; 6579.500; 11.161
values_456; 2501; 27774; 6943.500; 11.105
values_457; 2377; 26457; 6614.250; 11.130
values_458; 1775; 19937; 4984.250; 11.232
values_459; 2169; 24254; 6063.500; 11.182
values_46; 12017; 136220; 34055.000; 11.335
values_460; 1461; 16160; 4040.000; 11.060
values_461; 1387; 15269; 3817.250; 11.008
values_462; 1158; 12923; 3230.750; 11.159
values_463; 1398; 15489; 3872.250; 11.079
values_464; 1302; 14454; 3613.500; 11.101
values_465; 1655; 18159; 4539.750; 10.972
values_466; 1583; 17367; 4341.750; 10.970
values_467; 1214; 13465; 3366.250; 11.091
values_468; 1572; 17231; 4307.750; 10.961
values_469; 1430; 15778; 3944.500; 11.033
values_47; 12627; 143125; 35781.250; 11.334
values_470; 15228; 173283; 43320.750; 11.379
values_471; 15392; 174901; 43725.250; 11.363
values_472; 15744; 178934; 44733.500; 11.365
values_473; 15168; 172563; 43140.750; 11.376
values_474; 14879; 169234; 42308.500; 11.374
values_475; 15041; 171039; 42759.750; 11.371
values_476; 15489; 175916; 43979.000; 11.357
values_477; 16409; 186483; 46620.750; 11.364
values_478; 16067; 182316; 45579.000; 11.347
values_479; 16101; 182813; 45703.250; 11.354
values_48; 11489; 130412; 32603.000; 11.351
values_480; 11167; 126931; 31732.750; 11.366
values_481; 11302; 128159; 32039.750; 11.339
values_482; 11199; 127344; 31836.000; 11.371
values_483; 12104; 137078; 34269.500; 11.325
values_484; 11331; 128772; 32193.000; 11.364
values_485; 11192; 127165; 31791.250; 11.362
values_486; 11980; 135646; 33911.500; 11.322
values_487; 11600; 131438; 32859.500; 11.330
values_488; 11999; 135753; 33938.250; 11.313
values_489; 11951; 135395; 33848.750; 11.329
values_49; 11730; 133095; 33273.750; 11.346
values_490; 14699; 167508; 41877.000; 11.395
values_491; 14923; 169868; 42467.000; 11.382
values_492; 16109; 183356; 45839.000; 11.382
values_493; 15685; 178416; 44604.000; 11.374
values_494; 16567; 188513; 47128.250; 11.378
values_495; 16125; 183606; 45901.500; 11.386
values_496; 15323; 174642; 43660.500; 11.397
values_497; 16465; 186955; 46738.750; 11.354
values_498; 15618; 177663; 44415.750; 11.375
values_499; 15439; 175722; 43930.500; 11.381
values_50; 16861; 191290; 47822.500; 11.345
values_500; 27476; 314317; 78579.250; 11.439
values_501; 26066; 298940; 74735.000; 11.468
values_502; 26573; 304143; 76035.750; 11.445
values_503; 27645; 316174; 79043.500; 11.436
values_504; 28327; 324041; 81010.250; 11.439
values_505; 29200; 333367; 83341.750; 11.416
values_506; 27007; 308786; 77196.500; 11.433
values_507; 29204; 333505; 83376.250; 11.419
values_508; 29036; 330782; 82695.500; 11.392
values_509; 28227; 322112; 80528.000; 11.411
values_51; 13792; 157563; 39390.750; 11.424
values_510; 20335; 232059; 58014.750; 11.411
values_511; 21036; 239619; 59904.750; 11.390
values_512; 21175; 241376; 60344.000; 11.399
values_513; 19694; 225038; 56259.500; 11.426
values_514; 20266; 231218; 57804.500; 11.409
values_515; 20397; 232364; 58091.000; 11.392
values_516; 18499; 211460; 52865.000; 11.430
values_517; 21749; 247773; 61943.250; 11.392
values_518; 19756; 225845; 56461.250; 11.431
values_519; 18645; 212880; 53220.000; 11.417
values_52; 14855; 169269; 42317.250; 11.394
values_520; 1397; 15339; 3834.750; 10.979
values_521; 1285; 14117; 3529.250; 10.985
values_522; 1414; 15485; 3871.250; 10.951
values_523; 1094; 12060; 3015.000; 11.023
values_524; 1393; 15406; 3851.500; 11.059
values_525; 1245; 13688; 3422.000; 10.994
values_526; 1098; 12183; 3045.750; 11.095
values_527; 1396; 15263; 3815.750; 10.933
values_528; 1323; 14533; 3633.250; 10.984
values_529; 1233; 13614; 3403.500; 11.041
values_53; 15969; 181282; 45320.500; 11.352
values_530; 10078; 114326; 28581.500; 11.344
values_531; 9544; 108231; 27057.750; 11.340
values_532; 9773; 110979; 27744.750; 11.355
values_533; 10227; 115896; 28974.000; 11.332
values_534; 9907; 112240; 28060.000; 11.329
values_535; 10307; 116714; 29178.500; 11.323
values_536; 10122; 114792; 28698.000; 11.340
values_537; 10797; 122032; 30508.000; 11.302
values_538; 9526; 107945; 26986.250; 11.331
values_539; 10990; 124358; 31089.500; 11.315
values_54; 15295; 173992; 43498.000; 11.375
values_540; 18572; 212070; 53017.500; 11.418
values_541; 19404; 221059; 55264.750; 11.392
values_542; 20286; 230679; 57669.750; 11.371
values_543; 19869; 226250; 56562.500; 11.387
values_544; 19667; 224401; 56100.250; 11.410
values_545; 18193; 207903; 51975.750; 11.427
values_546; 19934; 226970; 56742.500; 11.386
values_547; 19875; 226188; 56547.000; 11.380
values_548; 19758; 225073; 56268.250; 11.391
values_549; 20634; 234993; 58748.250; 11.388
values_55; 15370; 174819; 43704.750; 11.374
values_550; 32003; 365914; 91478.500; 11.433
values_551; 33051; 378059; 94514.750; 11.438
values_552; 32861; 375630; 93907.500; 11.430
values_553; 30009; 344092; 86023.000; 11.466
values_554; 33687; 384739; 96184.750; 11.420
values_555; 31806; 363811; 90952.750; 11.438
values_556; 31311; 358965; 89741.250; 11.464
values_557; 32571; 372390; 93097.500; 11.433
values_558; 34570; 394149; 98537.250; 11.401
values_559; 34133; 389715; 97428.750; 11.417
values_56; 14613; 166455; 41613.750; 11.390
values_560; 25220; 287703; 71925.750; 11.407
values_561; 25462; 290328; 72582.000; 11.402
values_562; 25376; 289351; 72337.750; 11.402
values_563; 24943; 284576; 71144.000; 11.409
values_564; 23857; 272621; 68155.250; 11.427
values_565; 22745; 260428; 65107.000; 11.449
values_566; 23833; 272228; 68057.000; 11.422
values_567; 24252; 277234; 69308.500; 11.431
values_568; 24707; 282358; 70589.500; 11.428
values_569; 24518; 280114; 70028.500; 11.424
values_57; 14469; 165006; 41251.500; 11.404
values_570; 20839; 238178; 59544.500; 11.429
values_571; 20466; 234312; 58578.000; 11.448
values_572; 22177; 253164; 63291.000; 11.415
values_573; 22913; 261026; 65256.500; 11.392
values_574; 22930; 261333; 65333.250; 11.396
values_575; 19503; 223734; 55933.500; 11.471
values_576; 23533; 267777; 66944.250; 11.378
values_577; 22991; 261926; 65481.500; 11.392
values_578; 20860; 237996; 59499.000; 11.409
values_579; 20763; 237633; 59408.250; 11.445
values_58; 16326; 185225; 46306.250; 11.345
values_580; 10767; 121651; 30412.750; 11.298
values_581; 8860; 100827; 25206.750; 11.380
values_582; 7141; 81489; 20372.250; 11.411
values_583; 9635; 109351; 27337.750; 11.349
values_584; 9619; 109154; 27288.500; 11.347
values_585; 10355; 117168; 29292.000; 11.315
values_586; 8944; 101669; 25417.250; 11.367
values_587; 10123; 114689; 28672.250; 11.329
values_588; 9572; 108394; 27098.500; 11.324
values_589; 10621; 120010; 30002.500; 11.299
values_59; 14884; 169327; 42331.750; 11.376
values_590; 9469; 107411; 26852.750; 11.343
values_591; 9644; 109314; 27328.500; 11.334
values_592; 9982; 112875; 28218.750; 11.307
values_593; 9005; 102415; 25603.750; 11.373
values_594; 10302; 116705; 29176.250; 11.328
values_595; 8771; 100006; 25001.500; 11.401
values_596; 9990; 113399; 28349.750; 11.351
values_597; 10435; 117995; 29498.750; 11.307
values_598; 9174; 104293; 26073.250; 11.368
values_599; 10062; 114044; 28511.000; 11.334
values_60; 388; 4156; 1039.000; 10.711
values_600; 4596; 51529; 12882.250; 11.211
values_601; 4498; 50481; 12620.250; 11.222
values_602; 4644; 52036; 13009.000; 11.204
values_603; 4283; 48382; 12095.500; 11.296
values_604; 4011; 45282; 11320.500; 11.289
values_605; 4951; 55619; 13904.750; 11.233
values_606; 4854; 54327; 13581.750; 11.192
values_607; 4254; 48066; 12016.500; 11.299
values_608; 4303; 48426; 12106.500; 11.254
values_609; 4383; 49221; 12305.250; 11.229
values_61; 389; 4073; 1018.250; 10.470
values_610; 6250; 70827; 17706.750; 11.332
values_611; 7285; 82229; 20557.250; 11.287
values_612; 7049; 79425; 19856.250; 11.267
values_613; 6870; 77601; 19400.250; 11.295
values_614; 6994; 78990; 19747.500; 11.293
values_615; 7200; 81064; 20266.000; 11.258
values_616; 7480; 84102; 21025.500; 11.243
values_617; 6692; 75735; 18933.750; 11.317
values_618; 7019; 79078; 19769.500; 11.266
values_619; 6577; 74350; 18587.500; 11.304
values_62; 316; 3417; 854.250; 10.813
values_620; 32589; 372151; 93037.750; 11.419
values_621; 33568; 383032; 95758.000; 11.410
values_622; 33711; 384643; 96160.750; 11.410
values_623; 30818; 352462; 88115.500; 11.436
values_624; 28947; 331978; 82994.500; 11.468
values_625; 31589; 360874; 90218.500; 11.424
values_626; 29770; 340888; 85222.000; 11.450
values_627; 31152; 356355; 89088.750; 11.439
values_628; 30872; 353287; 88321.750; 11.443
values_629; 30808; 352795; 88198.750; 11.451
values_63; 389; 4126; 1031.500; 10.606
values_630; 1677; 18427; 4606.750; 10.988
values_631; 1628; 18088; 4522.000; 11.110
values_632; 1546; 17046; 4261.500; 11.025
values_633; 1677; 18618; 4654.500; 11.101
values_634; 1470; 16310; 4077.500; 11.095
values_635; 1595; 17554; 4388.500; 11.005
values_636; 1715; 18811; 4702.750; 10.968
values_637; 1667; 18293; 4573.250; 10.973
values_638; 1718; 18922; 4730.500; 11.013
values_639; 1324; 14860; 3715.000; 11.223
values_64; 315; 3394; 848.500; 10.774
values_640; 16; 166; 41.500; 10.375
values_641; 32; 289; 72.250; 9.031
values_642; 16; 166; 41.500; 10.375
values_643; 32; 289; 72.250; 9.031
values_644; 16; 166; 41.500; 10.375
values_645; 16; 166; 41.500; 10.375
values_646; 16; 166; 41.500; 10.375
values_647; 16; 166; 41.500; 10.375
values_648; 16; 166; 41.500; 10.375
values_649; 16; 166; 41.500; 10.375
values_65; 244; 2646; 661.500; 10.844
values_650; 2869; 32071; 8017.750; 11.178
values_651; 3501; 39077; 9769.250; 11.161
values_652; 2901; 32519; 8129.750; 11.209
values_653; 2746; 30842; 7710.500; 11.231
values_654; 3194; 35611; 8902.750; 11.149
values_655; 2938; 32954; 8238.500; 11.216
values_656; 3047; 33948; 8487.000; 11.141
values_657; 2516; 28388; 7097.000; 11.282
values_658; 2650; 29743; 7435.750; 11.223
values_659; 2900; 32273; 8068.250; 11.128
values_66; 385; 4098; 1024.500; 10.644
values_660; 9563; 108671; 27167.750; 11.363
values_661; 10988; 124840; 31210.000; 11.361
values_662; 11097; 125568; 31392.000; 11.315
values_663; 11199; 127167; 31791.750; 11.355
values_664; 11043; 125339; 31334.750; 11.350
values_665; 10476; 119253; 29813.250; 11.383
values_666; 11532; 130409; 32602.250; 11.308
values_667; 9537; 108376; 27094.000; 11.363
values_668; 10393; 118219; 29554.750; 11.374
values_669; 11331; 128517; 32129.250; 11.342
values_67; 300; 3156; 789.000; 10.520
values_670; 25071; 286476; 71619.000; 11.426
values_671; 24341; 278033; 69508.250; 11.422
values_672; 25951; 296212; 74053.000; 11.414
values_673; 28434; 323543; 80885.750; 11.378
values_674; 23825; 272426; 68106.500; 11.434
values_675; 24498; 279821; 69955.250; 11.422
values_676; 23417; 267638; 66909.500; 11.429
values_677; 24610; 281427; 70356.750; 11.435
values_678; 26877; 306133; 76533.250; 11.390
values_679; 24124; 275844; 68961.000; 11.434
values_68; 315; 3373; 843.250; 10.707
values_680; 27384; 312832; 78208.000; 11.423
values_681; 26659; 304664; 76166.000; 11.428
values_682; 25275; 289279; 72319.750; 11.445
values_683; 27484; 313498; 78374.500; 11.406
values_684; 28240; 322405; 80601.250; 11.416
values_685; 25972; 297303; 74325.750; 11.447
values_686; 26665; 304824; 76206.000; 11.431
values_687; 26823; 306807; 76701.750; 11.438
values_688; 28068; 320443; 80110.750; 11.416
values_689; 27343; 312422; 78105.500; 11.426
values_69; 340; 3681; 920.250; 10.826
values_690; 29970; 342836; 85709.000; 11.439
values_691; 28963; 332304; 83076.000; 11.473
values_692; 31832; 363040; 90760.000; 11.404
values_693; 27899; 319331; 79832.750; 11.445
values_694; 31736; 362381; 90595.250; 11.418
values_695; 29991; 343238; 85809.500; 11.444
values_696; 28655; 328643; 82160.750; 11.468
values_697; 30270; 346358; 86589.500; 11.442
values_698; 30357; 347266; 86816.500; 11.439
values_699; 28941; 331755; 82938.750; 11.463
values_70; 805; 8747; 2186.750; 10.865
values_700; 1430; 15661; 3915.250; 10.951
values_701; 1209; 13308; 3327.000; 11.007
values_702; 1356; 14791; 3697.750; 10.907
values_703; 1004; 11162; 2790.500; 11.117
values_704; 1419; 15589; 3897.250; 10.985
values_705; 1258; 14028; 3507.000; 11.151
values_706; 1366; 14904; 3726.000; 10.910
values_707; 1271; 13966; 3491.500; 10.988
values_708; 1297; 14318; 3579.500; 11.039
values_709; 1241; 13564; 3391.000; 10.929
values_71; 947; 10402; 2600.500; 10.984
values_710; 6344; 71458; 17864.500; 11.263
values_711; 5572; 63183; 15795.750; 11.339
values_712; 6510; 73208; 18302.000; 11.245
values_713; 5914; 66984; 16746.000; 11.326
values_714; 5963; 67068; 16767.000; 11.247
values_715; 5601; 63274; 15818.500; 11.296
values_716; 7361; 82690; 20672.500; 11.233
values_717; 7041; 79190; 19797.500; 11.246
values_718; 6030; 67863; 16965.750; 11.254
values_719; 5964; 67274; 16818.500; 11.280
values_72; 1019; 11035; 2758.750; 10.829
values_720; 46; 469; 117.250; 10.195
values_721; 19; 221; 55.250; 11.631
values_722; 54; 504; 126.000; 9.333
values_723; 19; 221; 55.250; 11.631
values_724; 38; 381; 95.250; 10.026
values_725; 54; 504; 126.000; 9.333
values_726; 54; 504; 126.000; 9.333
values_727; 62; 592; 148.000; 9.548
values_728; 46; 469; 117.250; 10.195
values_729; 38; 381; 95.250; 10.026
values_73; 731; 7930; 1982.500; 10.848
values_730; 1899; 21087; 5271.750; 11.104
values_731; 2064; 22888; 5722.000; 11.089
values_732; 2305; 25424; 6356.000; 11.029
values_733; 2389; 26491; 6622.750; 11.088
values_734; 2201; 24280; 6070.000; 11.031
values_735; 2137; 23629; 5907.250; 11.057
values_736; 1745; 19422; 4855.500; 11.130
values_737; 1951; 21718; 5429.500; 11.131
values_738; 1837; 20238; 5059.500; 11.016
values_739; 1934; 21466; 5366.500; 11.099
values_74; 957; 10377; 2594.250; 10.843
values_740; 9140; 104055; 26013.750; 11.384
values_741; 10846; 122605; 30651.250; 11.304
values_742; 10518; 119336; 29834.000; 11.345
values_743; 8808; 100345; 25086.250; 11.392
values_744; 10956; 124150; 31037.500; 11.331
values_745; 10457; 118383; 29595.750; 11.320
values_746; 10824; 122343; 30585.750; 11.302
values_747; 9640; 109690; 27422.500; 11.378
values_748; 9148; 104071; 26017.750; 11.376
values_749; 10820; 122464; 30616.000; 11.318
values_75; 933; 10113; 2528.250; 10.839
values_750; 19024; 216695; 54173.750; 11.390
values_751; 19176; 218838; 54709.500; 11.412
values_752; 18546; 211752; 52938.000; 11.417
values_753; 17977; 204978; 51244.500; 11.402
values_754; 19208; 219007; 54751.750; 11.401
values_755; 19311; 219712; 54928.000; 11.377
values_756; 18054; 205853; 51463.250; 11.402
values_757; 17741; 203007; 50751.750; 11.442
values_758; 17515; 200101; 50025.250; 11.424
values_759; 18552; 211397; 52849.250; 11.394
values_76; 930; 10150; 2537.500; 10.913
values_760; 62; 592; 148.000; 9.548
values_761; 38; 381; 95.250; 10.026
values_762; 46; 469; 117.250; 10.195
values_763; 19; 221; 55.250; 11.631
values_764; 35; 344; 86.000; 9.828
values_765; 19; 221; 55.250; 11.631
values_766; 19; 221; 55.250; 11.631
values_767; 62; 592; 148.000; 9.548
values_768; 62; 592; 148.000; 9.548
values_769; 35; 344; 86.000; 9.828
values_77; 1036; 11287; 2821.750; 10.894
values_770; 29365; 335155; 83788.750; 11.413
values_771; 27134; 310741; 77685.250; 11.452
values_772; 29517; 337176; 84294.000; 11.423
values_773; 29762; 339508; 84877.000; 11.407
values_774; 30558; 348792; 87198.000; 11.414
values_775; 30700; 350299; 87574.750; 11.410
values_776; 30928; 352429; 88107.250; 11.395
values_777; 29318; 335184; 83796.000; 11.432
values_778; 30042; 342694; 85673.500; 11.407
values_779; 28318; 323940; 80985.000; 11.439
values_78; 854; 9478; 2369.500; 11.098
values_780; 7895; 89626; 22406.500; 11.352
values_781; 8238; 93396; 23349.000; 11.337
values_782; 8995; 101733; 25433.250; 11.309
values_783; 9221; 104254; 26063.500; 11.306
values_784; 9310; 105255; 26313.750; 11.305
values_785; 8971; 101553; 25388.250; 11.320
values_786; 8158; 92358; 23089.500; 11.321
values_787; 8600; 97223; 24305.750; 11.305
values_788; 8524; 96818; 24204.500; 11.358
values_789; 9328; 105348; 26337.000; 11.293
values_79; 1054; 11477; 2869.250; 10.888
values_790; 8246; 93994; 23498.500; 11.398
values_791; 11388; 128871; 32217.750; 11.316
values_792; 10535; 119499; 29874.750; 11.343
values_793; 10251; 116340; 29085.000; 11.349
values_794; 9706; 110534; 27633.500; 11.388
values_795; 10619; 120431; 30107.750; 11.341
values_796; 10897; 123634; 30908.500; 11.345
values_797; 10532; 119475; 29868.750; 11.343
values_798; 9102; 103278; 25819.500; 11.346
values_799; 9218; 104769; 26192.250; 11.365
values_80; 6410; 72374; 18093.500; 11.290
values_800; 18745; 213755; 53438.750; 11.403
values_801; 19302; 219824; 54956.000; 11.388
values_802; 18595; 212281; 53070.250; 11.416
values_803; 18674; 213230; 53307.500; 11.418
values_804; 18384; 210113; 52528.250; 11.429
values_805; 19575; 223118; 55779.500; 11.398
values_806; 19239; 219212; 54803.000; 11.394
values_807; 18178; 207414; 51853.500; 11.410
values_808; 18052; 205836; 51459.000; 11.402
values_809; 19690; 224347; 56086.750; 11.393
values_81; 6383; 72118; 18029.500; 11.298
values_810; 436; 4628; 1157.000; 10.614
values_811; 487; 5225; 1306.250; 10.728
values_812; 375; 3982; 995.500; 10.618
values_813; 404; 4382; 1095.500; 10.846
values_814; 418; 4385; 1096.250; 10.490
values_815; 317; 3458; 864.500; 10.908
values_816; 419; 4482; 1120.500; 10.696
values_817; 521; 5591; 1397.750; 10.731
values_818; 330; 3597; 899.250; 10.900
values_819; 429; 4510; 1127.500; 10.512
values_82; 6955; 78404; 19601.000; 11.273
values_820; 20799; 237523; 59380.750; 11.419
values_821; 22003; 251170; 62792.500; 11.415
values_822; 22486; 256774; 64193.500; 11.419
values_823; 22867; 260630; 65157.500; 11.397
values_824; 21009; 240346; 60086.500; 11.440
values_825; 21836; 248822; 62205.500; 11.395
values_826; 21352; 243482; 60870.500; 11.403
values_827; 24829; 282205; 70551.250; 11.365
values_828; 25104; 285543; 71385.750; 11.374
values_829; 21978; 250911; 62727.750; 11.416
values_83; 6583; 74486; 18621.500; 11.314
values_830; 7247; 81780; 20445.000; 11.284
values_831; 7387; 83420; 20855.000; 11.292
values_832; 7540; 85052; 21263.000; 11.280
values_833; 7645; 86271; 21567.750; 11.284
values_834; 6699; 76009; 19002.250; 11.346
values_835; 6225; 70857; 17714.250; 11.382
values_836; 7045; 79501; 19875.250; 11.284
values_837; 7349; 83174; 20793.500; 11.317
values_838; 7104; 80504; 20126.000; 11.332
values_839; 7193; 81358; 20339.500; 11.310
values_84; 6760; 76298; 19074.500; 11.286
values_840; 30578; 348592; 87148.000; 11.400
values_841; 29983; 342188; 85547.000; 11.412
values_842; 30277; 345989; 86497.250; 11.427
values_843; 29703; 339420; 84855.000; 11.427
values_844; 31759; 362240; 90560.000; 11.405
values_845; 31391; 358275; 89568.750; 11.413
values_846; 28974; 331186; 82796.500; 11.430
values_847; 27484; 314823; 78705.750; 11.454
values_848; 30557; 349216; 87304.000; 11.428
values_849; 27924; 319313; 79828.250; 11.435
values_85; 6459; 72990; 18247.500; 11.300
values_850; 20727; 236427; 59106.750; 11.406
values_851; 20632; 234991; 58747.750; 11.389
values_852; 21034; 239159; 59789.750; 11.370
values_853; 20165; 229455; 57363.750; 11.378
values_854; 18216; 208795; 52198.750; 11.462
values_855; 18490; 211171; 52792.750; 11.420
values_856; 18355; 210178; 52544.500; 11.450
values_857; 18037; 206621; 51655.250; 11.455
values_858; 20137; 229853; 57463.250; 11.414
values_859; 21536; 245159; 61289.750; 11.383
values_86; 6619; 74803; 18700.750; 11.301
values_860; 4162; 46574; 11643.500; 11.190
values_861; 3585; 40203; 10050.750; 11.214
values_862; 3919; 44024; 11006.000; 11.233
values_863; 4036; 45233; 11308.250; 11.207
values_864; 4508; 50425; 12606.250; 11.185
values_865; 4458; 49830; 12457.500; 11.177
values_866; 4324; 48411; 12102.750; 11.195
values_867; 3315; 37532; 9383.000; 11.321
values_868; 3492; 39301; 9825.250; 11.254
values_869; 3542; 39939; 9984.750; 11.275
values_87; 5702; 64474; 16118.500; 11.307
values_870; 18972; 216744; 54186.000; 11.424
values_871; 18340; 209390; 52347.500; 11.417
values_872; 20527; 233674; 58418.500; 11.383
values_873; 20917; 237791; 59447.750; 11.368
values_874; 20956; 238463; 59615.750; 11.379
values_875; 19560; 222730; 55682.500; 11.387
values_876; 20443; 232862; 58215.500; 11.390
values_877; 19552; 223090; 55772.500; 11.410
values_878; 20572; 234100; 58525.000; 11.379
values_879; 17982; 205345; 51336.250; 11.419
values_88; 7400; 83487; 20871.750; 11.282
values_880; 8927; 101040; 25260.000; 11.318
values_881; 9334; 105887; 26471.750; 11.344
values_882; 10028; 113372; 28343.000; 11.305
values_883; 8327; 94396; 23599.000; 11.336
values_884; 9586; 108741; 27185.250; 11.343
values_885; 8944; 101547; 25386.750; 11.353
values_886; 10416; 117900; 29475.000; 11.319
values_887; 9955; 112811; 28202.750; 11.332
values_888; 9781; 110731; 27682.750; 11.321
values_889; 9504; 107771; 26942.750; 11.339
values_89; 6993; 79085; 19771.250; 11.309
values_890; 270; 2853; 713.250; 10.566
values_891; 249; 2520; 630.000; 10.120
values_892; 299; 3115; 778.750; 10.418
values_893; 215; 2228; 557.000; 10.362
values_894; 216; 2304; 576.000; 10.666
values_895; 192; 2040; 510.000; 10.625
values_896; 249; 2573; 643.250; 10.333
values_897; 297; 3101; 775.250; 10.441
values_898; 297; 3048; 762.000; 10.262
values_899; 147; 1623; 405.750; 11.040
values_90; 20078; 228720; 57180.000; 11.391
values_900; 54; 504; 126.000; 9.333
values_901; 54; 504; 126.000; 9.333
values_902; 38; 381; 95.250; 10.026
values_903; 35; 344; 86.000; 9.828
values_904; 46; 469; 117.250; 10.195
values_905; 38; 381; 95.250; 10.026
values_906; 54; 504; 126.000; 9.333
values_907; 35; 344; 86.000; 9.828
values_908; 54; 504; 126.000; 9.333
values_909; 54; 504; 126.000; 9.333
values_91; 20081; 228857; 57214.250; 11.396
values_910; 2556; 28346; 7086.500; 11.089
values_911; 2788; 30898; 7724.500; 11.082
values_912; 2347; 26045; 6511.250; 11.097
values_913; 2540; 28212; 7053.000; 11.107
values_914; 2116; 23569; 5892.250; 11.138
values_915; 2156; 24125; 6031.250; 11.189
values_916; 2482; 27603; 6900.750; 11.121
values_917; 2622; 29244; 7311.000; 11.153
values_918; 2522; 28107; 7026.750; 11.144
values_919; 2114; 23777; 5944.250; 11.247
values_92; 18120; 206801; 51700.250; 11.412
values_920; 3065; 34382; 8595.500; 11.217
values_921; 3220; 36049; 9012.250; 11.195
values_922; 3566; 39720; 9930.000; 11.138
values_923; 2687; 30126; 7531.500; 11.211
values_924; 3147; 35160; 8790.000; 11.172
values_925; 3126; 34827; 8706.750; 11.141
values_926; 3088; 34634; 8658.500; 11.215
values_927; 2839; 31829; 7957.250; 11.211
values_928; 3365; 37666; 9416.500; 11.193
values_929; 3257; 36229; 9057.250; 11.123
values_93; 18867; 215693; 53923.250; 11.432
values_930; 2953; 32937; 8234.250; 11.153
values_931; 3175; 35260; 8815.000; 11.105
values_932; 3039; 33860; 8465.000; 11.141
values_933; 3008; 33594; 8398.500; 11.168
values_934; 3102; 34742; 8685.500; 11.199
values_935; 2828; 31588; 7897.000; 11.169
values_936; 2774; 31102; 7775.500; 11.211
values_937; 3135; 34916; 8729.000; 11.137
values_938; 3018; 33707; 8426.750; 11.168
values_939; 2670; 29979; 7494.750; 11.228
values_94; 20629; 234740; 58685.000; 11.379
values_940; 19725; 225898; 56474.500; 11.452
values_941; 21468; 245101; 61275.250; 11.417
values_942; 21774; 248632; 62158.000; 11.418
values_943; 23022; 261817; 65454.250; 11.372
values_944; 22954; 261501; 65375.250; 11.392
values_945; 22714; 258711; 64677.750; 11.389
values_946; 21110; 241026; 60256.500; 11.417
values_947; 20747; 236521; 59130.250; 11.400
values_948; 20509; 234561; 58640.250; 11.436
values_949; 21178; 241825; 60456.250; 11.418
values_95; 19889; 226871; 56717.750; 11.406
values_950; 17331; 197195; 49298.750; 11.378
values_951; 16496; 188302; 47075.500; 11.415
values_952; 17848; 203339; 50834.750; 11.392
values_953; 17369; 198397; 49599.250; 11.422
values_954; 18298; 208642; 52160.500; 11.402
values_955; 16962; 193446; 48361.500; 11.404
values_956; 18913; 215042; 53760.500; 11.370
values_957; 18674; 212841; 53210.250; 11.397
values_958; 18442; 210226; 52556.500; 11.399
values_959; 16907; 192635; 48158.750; 11.393
values_96; 18465; 210951; 52737.750; 11.424
values_960; 295; 3158; 789.500; 10.705
values_961; 338; 3582; 895.500; 10.597
values_962; 251; 2605; 651.250; 10.378
values_963; 295; 3105; 776.250; 10.525
values_964; 272; 2832; 708.000; 10.411
values_965; 377; 3925; 981.250; 10.411
values_966; 329; 3397; 849.250; 10.325
values_967; 353; 3714; 928.500; 10.521
values_968; 232; 2392; 598.000; 10.310
values_969; 305; 3133; 783.250; 10.272
values_97; 18064; 206431; 51607.750; 11.427
values_970; 29987; 342627; 85656.750; 11.425
values_971; 30080; 343492; 85873.000; 11.419
values_972; 27026; 309829; 77457.250; 11.464
values_973; 30992; 353580; 88395.000; 11.408
values_974; 30481; 348247; 87061.750; 11.425
values_975; 30371; 346944; 86736.000; 11.423
values_976; 31764; 362343; 90585.750; 11.407
values_977; 28665; 328220; 82055.000; 11.450
values_978; 31388; 358070; 89517.500; 11.407
values_979; 31348; 357800; 89450.000; 11.413
values_98; 18995; 216760; 54190.000; 11.411
values_980; 9310; 105326; 26331.500; 11.313
values_981; 8688; 98455; 24613.750; 11.332
values_982; 9553; 108227; 27056.750; 11.329
values_983; 8891; 100744; 25186.000; 11.331
values_984; 9580; 108400; 27100.000; 11.315
values_985; 7998; 91149; 22787.250; 11.396
values_986; 8431; 95711; 23927.750; 11.352
values_987; 9142; 103403; 25850.750; 11.310
values_988; 8020; 91483; 22870.750; 11.406
values_989; 10064; 113635; 28408.750; 11.291
values_99; 18881; 215624; 53906.000; 11.420
values_990; 21777; 248001; 62000.250; 11.388
values_991; 20744; 235904; 58976.000; 11.372
values_992; 20286; 231118; 57779.500; 11.392
values_993; 20226; 230389; 57597.250; 11.390
values_994; 19493; 222041; 55510.250; 11.390
values_995; 19599; 223113; 55778.250; 11.383
values_996; 20181; 229769; 57442.250; 11.385
values_997; 19821; 225789; 56447.250; 11.391
values_998; 18449; 210921; 52730.250; 11.432
values_999; 18928; 216120; 54030.000; 11.418
