Incite; Executed C Instr; Clock Cycle Effective; Execution Time; CC4CS;
values_00; 35; 594; 148.500; 16.971
values_01; 35; 594; 148.500; 16.971
values_02; 35; 594; 148.500; 16.971
values_03; 18; 319; 79.750; 17.722
values_04; 35; 594; 148.500; 16.971
values_05; 35; 594; 148.500; 16.971
values_06; 35; 594; 148.500; 16.971
values_07; 35; 594; 148.500; 16.971
values_08; 35; 594; 148.500; 16.971
values_09; 35; 594; 148.500; 16.971
values_10; 357; 6767; 1691.750; 18.955
values_100; 1753; 33691; 8422.750; 19.219
values_101; 1697; 33011; 8252.750; 19.452
values_102; 1333; 26023; 6505.750; 19.522
values_103; 1723; 33612; 8403.000; 19.507
values_104; 1806; 35024; 8756.000; 19.393
values_105; 1673; 32814; 8203.500; 19.613
values_106; 1955; 38060; 9515.000; 19.468
values_107; 2074; 40108; 10027.000; 19.338
values_108; 1601; 30990; 7747.500; 19.356
values_109; 1926; 37495; 9373.750; 19.467
values_11; 292; 5514; 1378.500; 18.883
values_110; 1050; 20285; 5071.250; 19.319
values_111; 1120; 21854; 5463.500; 19.512
values_112; 1005; 19459; 4864.750; 19.362
values_113; 972; 18988; 4747.000; 19.534
values_114; 1199; 23191; 5797.750; 19.341
values_115; 1200; 23218; 5804.500; 19.348
values_116; 1177; 22944; 5736.000; 19.493
values_117; 1113; 21666; 5416.500; 19.466
values_118; 1158; 22440; 5610.000; 19.378
values_119; 1114; 21615; 5403.750; 19.403
values_12; 238; 4602; 1150.500; 19.336
values_120; 2350; 45933; 11483.250; 19.545
values_121; 2031; 39375; 9843.750; 19.387
values_122; 2073; 40244; 10061.000; 19.413
values_123; 2186; 42306; 10576.500; 19.353
values_124; 2227; 43031; 10757.750; 19.322
values_125; 2149; 42000; 10500.000; 19.543
values_126; 2160; 41958; 10489.500; 19.425
values_127; 2211; 42718; 10679.500; 19.320
values_128; 1524; 29889; 7472.250; 19.612
values_129; 2048; 40007; 10001.750; 19.534
values_13; 349; 6604; 1651.000; 18.922
values_130; 566; 10893; 2723.250; 19.245
values_131; 603; 11569; 2892.250; 19.185
values_132; 493; 9516; 2379.000; 19.302
values_133; 473; 9102; 2275.500; 19.243
values_134; 534; 10254; 2563.500; 19.202
values_135; 574; 11069; 2767.250; 19.283
values_136; 379; 7440; 1860.000; 19.630
values_137; 615; 11820; 2955.000; 19.219
values_138; 588; 11192; 2798.000; 19.034
values_139; 428; 8341; 2085.250; 19.488
values_14; 287; 5490; 1372.500; 19.128
values_140; 571; 10953; 2738.250; 19.182
values_141; 451; 8852; 2213.000; 19.627
values_142; 476; 9303; 2325.750; 19.544
values_143; 712; 13683; 3420.750; 19.217
values_144; 613; 11919; 2979.750; 19.443
values_145; 729; 13958; 3489.500; 19.146
values_146; 493; 9513; 2378.250; 19.296
values_147; 561; 10905; 2726.250; 19.438
values_148; 745; 14284; 3571.000; 19.173
values_149; 578; 11128; 2782.000; 19.252
values_15; 344; 6580; 1645.000; 19.127
values_150; 727; 14083; 3520.750; 19.371
values_151; 664; 13072; 3268.000; 19.686
values_152; 774; 15086; 3771.500; 19.490
values_153; 680; 13028; 3257.000; 19.158
values_154; 817; 15761; 3940.250; 19.291
values_155; 471; 9224; 2306.000; 19.583
values_156; 772; 14948; 3737.000; 19.362
values_157; 783; 15211; 3802.750; 19.426
values_158; 669; 12765; 3191.250; 19.080
values_159; 820; 15874; 3968.500; 19.358
values_16; 278; 5391; 1347.750; 19.392
values_160; 2344; 45532; 11383.000; 19.424
values_161; 2036; 39802; 9950.500; 19.549
values_162; 2646; 51549; 12887.250; 19.481
values_163; 2621; 50598; 12649.500; 19.304
values_164; 2689; 52464; 13116.000; 19.510
values_165; 2250; 43935; 10983.750; 19.526
values_166; 2869; 55742; 13935.500; 19.429
values_167; 2499; 48703; 12175.750; 19.488
values_168; 2672; 51715; 12928.750; 19.354
values_169; 2648; 51226; 12806.500; 19.345
values_17; 265; 5217; 1304.250; 19.686
values_170; 72; 1329; 332.250; 18.458
values_171; 67; 1292; 323.000; 19.283
values_172; 67; 1292; 323.000; 19.283
values_173; 113; 2080; 520.000; 18.407
values_174; 96; 1805; 451.250; 18.802
values_175; 113; 2080; 520.000; 18.407
values_176; 67; 1292; 323.000; 19.283
values_177; 105; 1917; 479.250; 18.257
values_178; 84; 1567; 391.750; 18.654
values_179; 96; 1805; 451.250; 18.802
values_18; 356; 6818; 1704.500; 19.151
values_180; 154; 2854; 713.500; 18.532
values_181; 75; 1478; 369.500; 19.706
values_182; 121; 2253; 563.250; 18.619
values_183; 137; 2579; 644.750; 18.824
values_184; 100; 1916; 479.000; 19.160
values_185; 138; 2528; 632.000; 18.318
values_186; 83; 1641; 410.250; 19.771
values_187; 92; 1753; 438.250; 19.054
values_188; 154; 2854; 713.500; 18.532
values_189; 137; 2579; 644.750; 18.824
values_19; 357; 6767; 1691.750; 18.955
values_190; 60; 1055; 263.750; 17.583
values_191; 51; 943; 235.750; 18.490
values_192; 39; 705; 176.250; 18.076
values_193; 51; 943; 235.750; 18.490
values_194; 51; 943; 235.750; 18.490
values_195; 68; 1218; 304.500; 17.911
values_196; 68; 1218; 304.500; 17.911
values_197; 60; 1055; 263.750; 17.583
values_198; 51; 943; 235.750; 18.490
values_199; 51; 943; 235.750; 18.490
values_20; 580; 11029; 2757.250; 19.015
values_200; 306; 5991; 1497.750; 19.578
values_201; 392; 7555; 1888.750; 19.272
values_202; 392; 7542; 1885.500; 19.239
values_203; 335; 6504; 1626.000; 19.414
values_204; 388; 7493; 1873.250; 19.311
values_205; 389; 7403; 1850.750; 19.030
values_206; 298; 5802; 1450.500; 19.469
values_207; 322; 6291; 1572.750; 19.537
values_208; 437; 8381; 2095.250; 19.178
values_209; 364; 7017; 1754.250; 19.277
values_21; 409; 7876; 1969.000; 19.256
values_210; 84; 1567; 391.750; 18.654
values_211; 105; 1917; 479.250; 18.257
values_212; 88; 1642; 410.500; 18.659
values_213; 97; 1754; 438.500; 18.082
values_214; 97; 1754; 438.500; 18.082
values_215; 113; 2080; 520.000; 18.407
values_216; 105; 1917; 479.250; 18.257
values_217; 67; 1292; 323.000; 19.283
values_218; 88; 1642; 410.500; 18.659
values_219; 84; 1567; 391.750; 18.654
values_22; 644; 12333; 3083.250; 19.150
values_220; 133; 2504; 626.000; 18.827
values_221; 162; 3017; 754.250; 18.623
values_222; 154; 2854; 713.500; 18.532
values_223; 137; 2579; 644.750; 18.824
values_224; 145; 2742; 685.500; 18.910
values_225; 154; 2854; 713.500; 18.532
values_226; 84; 1590; 397.500; 18.928
values_227; 83; 1641; 410.250; 19.771
values_228; 129; 2416; 604.000; 18.728
values_229; 154; 2854; 713.500; 18.532
values_23; 605; 11772; 2943.000; 19.457
values_230; 851; 16577; 4144.250; 19.479
values_231; 749; 14687; 3671.750; 19.608
values_232; 756; 14570; 3642.500; 19.272
values_233; 715; 13832; 3458.000; 19.345
values_234; 622; 11989; 2997.250; 19.274
values_235; 881; 17026; 4256.500; 19.325
values_236; 865; 16687; 4171.750; 19.291
values_237; 690; 13394; 3348.500; 19.411
values_238; 734; 14271; 3567.750; 19.442
values_239; 785; 15083; 3770.750; 19.214
values_24; 505; 9780; 2445.000; 19.366
values_240; 68; 1218; 304.500; 17.911
values_241; 60; 1055; 263.750; 17.583
values_242; 51; 943; 235.750; 18.490
values_243; 68; 1218; 304.500; 17.911
values_244; 51; 943; 235.750; 18.490
values_245; 68; 1218; 304.500; 17.911
values_246; 68; 1218; 304.500; 17.911
values_247; 51; 943; 235.750; 18.490
values_248; 39; 705; 176.250; 18.076
values_249; 51; 943; 235.750; 18.490
values_25; 486; 9315; 2328.750; 19.166
values_250; 953; 18438; 4609.500; 19.347
values_251; 746; 14545; 3636.250; 19.497
values_252; 879; 16781; 4195.250; 19.091
values_253; 680; 13090; 3272.500; 19.250
values_254; 929; 17949; 4487.250; 19.320
values_255; 920; 17850; 4462.500; 19.402
values_256; 934; 17973; 4493.250; 19.243
values_257; 793; 15295; 3823.750; 19.287
values_258; 825; 15934; 3983.500; 19.313
values_259; 753; 14746; 3686.500; 19.583
values_26; 571; 10917; 2729.250; 19.119
values_260; 2237; 43478; 10869.500; 19.435
values_261; 2167; 41831; 10457.750; 19.303
values_262; 2080; 40331; 10082.750; 19.389
values_263; 2264; 44041; 11010.250; 19.452
values_264; 2113; 40880; 10220.000; 19.346
values_265; 1915; 37021; 9255.250; 19.332
values_266; 2074; 40105; 10026.250; 19.337
values_267; 2344; 45671; 11417.750; 19.484
values_268; 1890; 36752; 9188.000; 19.445
values_269; 1989; 38860; 9715.000; 19.537
values_27; 526; 10078; 2519.500; 19.159
values_270; 2175; 41887; 10471.750; 19.258
values_271; 2251; 43851; 10962.750; 19.480
values_272; 2150; 41949; 10487.250; 19.511
values_273; 2287; 44617; 11154.250; 19.508
values_274; 2248; 43738; 10934.500; 19.456
values_275; 1910; 37241; 9310.250; 19.497
values_276; 2139; 41608; 10402.000; 19.452
values_277; 2236; 43435; 10858.750; 19.425
values_278; 2279; 44506; 11126.500; 19.528
values_279; 2247; 43354; 10838.500; 19.294
values_28; 513; 9917; 2479.250; 19.331
values_280; 51; 943; 235.750; 18.490
values_281; 51; 943; 235.750; 18.490
values_282; 51; 943; 235.750; 18.490
values_283; 68; 1218; 304.500; 17.911
values_284; 39; 705; 176.250; 18.076
values_285; 60; 1055; 263.750; 17.583
values_286; 51; 943; 235.750; 18.490
values_287; 51; 943; 235.750; 18.490
values_288; 51; 943; 235.750; 18.490
values_289; 68; 1218; 304.500; 17.911
values_29; 572; 10866; 2716.500; 18.996
values_290; 1479; 28816; 7204.000; 19.483
values_291; 1805; 34770; 8692.500; 19.263
values_292; 1718; 33231; 8307.750; 19.342
values_293; 1803; 34820; 8705.000; 19.312
values_294; 1463; 28373; 7093.250; 19.393
values_295; 1607; 31424; 7856.000; 19.554
values_296; 1772; 34565; 8641.250; 19.506
values_297; 1802; 35092; 8773.000; 19.473
values_298; 1679; 32469; 8117.250; 19.338
values_299; 1932; 37442; 9360.500; 19.379
values_30; 699; 13496; 3374.000; 19.307
values_300; 88; 1642; 410.500; 18.659
values_301; 88; 1642; 410.500; 18.659
values_302; 88; 1642; 410.500; 18.659
values_303; 80; 1479; 369.750; 18.487
values_304; 84; 1567; 391.750; 18.654
values_305; 55; 1054; 263.500; 19.163
values_306; 67; 1292; 323.000; 19.283
values_307; 97; 1754; 438.500; 18.082
values_308; 96; 1805; 451.250; 18.802
values_309; 96; 1805; 451.250; 18.802
values_31; 522; 10052; 2513.000; 19.256
values_310; 169; 3241; 810.250; 19.177
values_311; 174; 3278; 819.500; 18.839
values_312; 222; 4243; 1060.750; 19.112
values_313; 215; 4029; 1007.250; 18.739
values_314; 177; 3404; 851.000; 19.231
values_315; 161; 3091; 772.750; 19.198
values_316; 174; 3265; 816.250; 18.764
values_317; 161; 3078; 769.500; 19.118
values_318; 104; 2027; 506.750; 19.490
values_319; 174; 3278; 819.500; 18.839
values_32; 679; 13134; 3283.500; 19.343
values_320; 150; 2802; 700.500; 18.680
values_321; 120; 2327; 581.750; 19.391
values_322; 223; 4192; 1048.000; 18.798
values_323; 174; 3265; 816.250; 18.764
values_324; 170; 3203; 800.750; 18.841
values_325; 198; 3754; 938.500; 18.959
values_326; 128; 2490; 622.500; 19.453
values_327; 215; 4029; 1007.250; 18.739
values_328; 99; 1990; 497.500; 20.101
values_329; 178; 3366; 841.500; 18.910
values_33; 664; 12731; 3182.750; 19.173
values_330; 35; 594; 148.500; 16.971
values_331; 35; 594; 148.500; 16.971
values_332; 35; 594; 148.500; 16.971
values_333; 35; 594; 148.500; 16.971
values_334; 35; 594; 148.500; 16.971
values_335; 35; 594; 148.500; 16.971
values_336; 35; 594; 148.500; 16.971
values_337; 35; 594; 148.500; 16.971
values_338; 35; 594; 148.500; 16.971
values_339; 35; 594; 148.500; 16.971
values_34; 626; 12093; 3023.250; 19.317
values_340; 1001; 19416; 4854.000; 19.396
values_341; 762; 14845; 3711.250; 19.481
values_342; 895; 17107; 4276.750; 19.113
values_343; 864; 16722; 4180.500; 19.354
values_344; 838; 16017; 4004.250; 19.113
values_345; 815; 15873; 3968.250; 19.476
values_346; 786; 15321; 3830.250; 19.492
values_347; 851; 16535; 4133.750; 19.430
values_348; 879; 16781; 4195.250; 19.091
values_349; 934; 17973; 4493.250; 19.243
values_35; 542; 10479; 2619.750; 19.333
values_350; 2711; 52701; 13175.250; 19.439
values_351; 2437; 46969; 11742.250; 19.273
values_352; 2507; 48999; 12249.750; 19.544
values_353; 2238; 43382; 10845.500; 19.384
values_354; 2467; 48106; 12026.500; 19.499
values_355; 2084; 40653; 10163.250; 19.507
values_356; 2270; 44209; 11052.250; 19.475
values_357; 2004; 39179; 9794.750; 19.550
values_358; 2654; 51624; 12906.000; 19.451
values_359; 2497; 48568; 12142.000; 19.450
values_36; 565; 10993; 2748.250; 19.456
values_360; 1108; 21259; 5314.750; 19.186
values_361; 1188; 22889; 5722.250; 19.266
values_362; 1105; 21516; 5379.000; 19.471
values_363; 1255; 24371; 6092.750; 19.419
values_364; 1130; 21889; 5472.250; 19.370
values_365; 1212; 23378; 5844.500; 19.288
values_366; 1014; 19506; 4876.500; 19.236
values_367; 1143; 22050; 5512.500; 19.291
values_368; 1001; 19384; 4846.000; 19.364
values_369; 839; 15999; 3999.750; 19.069
values_37; 666; 12908; 3227.000; 19.381
values_370; 67; 1292; 323.000; 19.283
values_371; 105; 1917; 479.250; 18.257
values_372; 88; 1642; 410.500; 18.659
values_373; 67; 1292; 323.000; 19.283
values_374; 80; 1479; 369.750; 18.487
values_375; 96; 1805; 451.250; 18.802
values_376; 105; 1917; 479.250; 18.257
values_377; 96; 1805; 451.250; 18.802
values_378; 96; 1805; 451.250; 18.802
values_379; 96; 1805; 451.250; 18.802
values_38; 626; 12093; 3023.250; 19.317
values_380; 1944; 37573; 9393.250; 19.327
values_381; 1760; 34389; 8597.250; 19.539
values_382; 1857; 36294; 9073.500; 19.544
values_383; 1805; 34793; 8698.250; 19.275
values_384; 1926; 37518; 9379.500; 19.479
values_385; 1689; 32676; 8169.000; 19.346
values_386; 1861; 36174; 9043.500; 19.437
values_387; 1976; 38368; 9592.000; 19.417
values_388; 2090; 40710; 10177.500; 19.478
values_389; 1738; 33798; 8449.500; 19.446
values_39; 785; 15099; 3774.750; 19.234
values_390; 322; 6291; 1572.750; 19.537
values_391; 349; 6588; 1647.000; 18.876
values_392; 287; 5539; 1384.750; 19.299
values_393; 351; 6791; 1697.750; 19.347
values_394; 356; 6828; 1707.000; 19.179
values_395; 335; 6491; 1622.750; 19.376
values_396; 401; 7680; 1920.000; 19.152
values_397; 304; 5814; 1453.500; 19.125
values_398; 396; 7643; 1910.750; 19.300
values_399; 404; 7793; 1948.250; 19.289
values_40; 225; 4412; 1103.000; 19.608
values_400; 814; 15931; 3982.750; 19.571
values_401; 938; 18081; 4520.250; 19.276
values_402; 977; 18947; 4736.750; 19.393
values_403; 923; 17957; 4489.250; 19.455
values_404; 1017; 19658; 4914.500; 19.329
values_405; 981; 18996; 4749.000; 19.363
values_406; 937; 18158; 4539.500; 19.378
values_407; 1239; 24045; 6011.250; 19.406
values_408; 1127; 21737; 5434.250; 19.287
values_409; 1094; 21175; 5293.750; 19.355
values_41; 368; 7066; 1766.500; 19.201
values_410; 848; 16435; 4108.750; 19.380
values_411; 690; 13430; 3357.500; 19.463
values_412; 877; 16961; 4240.250; 19.339
values_413; 959; 18411; 4602.750; 19.198
values_414; 717; 13701; 3425.250; 19.108
values_415; 685; 13393; 3348.250; 19.551
values_416; 702; 13681; 3420.250; 19.488
values_417; 992; 19317; 4829.250; 19.472
values_418; 841; 16208; 4052.000; 19.272
values_419; 846; 16180; 4045.000; 19.125
values_42; 422; 8004; 2001.000; 18.966
values_420; 1366; 26711; 6677.750; 19.554
values_421; 1524; 29612; 7403.000; 19.430
values_422; 1147; 22210; 5552.500; 19.363
values_423; 1201; 23492; 5873.000; 19.560
values_424; 1563; 30173; 7543.250; 19.304
values_425; 1204; 23183; 5795.750; 19.254
values_426; 1342; 26144; 6536.000; 19.481
values_427; 1523; 29358; 7339.500; 19.276
values_428; 1346; 26180; 6545.000; 19.450
values_429; 1359; 26341; 6585.250; 19.382
values_43; 392; 7542; 1885.500; 19.239
values_430; 1466; 28320; 7080.000; 19.317
values_431; 1258; 24491; 6122.750; 19.468
values_432; 1431; 27821; 6955.250; 19.441
values_433; 1353; 26420; 6605.000; 19.526
values_434; 966; 18996; 4749.000; 19.664
values_435; 1558; 30149; 7537.250; 19.351
values_436; 1390; 27070; 6767.500; 19.474
values_437; 1406; 27130; 6782.500; 19.295
values_438; 1298; 25306; 6326.500; 19.496
values_439; 1337; 25776; 6444.000; 19.278
values_44; 306; 5965; 1491.250; 19.493
values_440; 2697; 52497; 13124.250; 19.464
values_441; 2379; 46018; 11504.500; 19.343
values_442; 2074; 40732; 10183.000; 19.639
values_443; 2444; 47485; 11871.250; 19.429
values_444; 2856; 55464; 13866.000; 19.420
values_445; 2548; 49565; 12391.250; 19.452
values_446; 2571; 50144; 12536.000; 19.503
values_447; 2408; 46557; 11639.250; 19.334
values_448; 2871; 55854; 13963.500; 19.454
values_449; 2742; 52992; 13248.000; 19.326
values_45; 352; 6740; 1685.000; 19.147
values_450; 1465; 28433; 7108.250; 19.408
values_451; 1564; 30424; 7606.000; 19.452
values_452; 1375; 26729; 6682.250; 19.439
values_453; 1539; 29603; 7400.750; 19.235
values_454; 1453; 28013; 7003.250; 19.279
values_455; 1566; 30309; 7577.250; 19.354
values_456; 1583; 30902; 7725.500; 19.521
values_457; 1248; 24414; 6103.500; 19.562
values_458; 1476; 28605; 7151.250; 19.380
values_459; 1663; 32480; 8120.000; 19.530
values_46; 365; 6914; 1728.500; 18.942
values_460; 753; 14405; 3601.250; 19.130
values_461; 857; 16524; 4131.000; 19.281
values_462; 793; 15272; 3818.000; 19.258
values_463; 828; 16024; 4006.000; 19.352
values_464; 613; 11968; 2992.000; 19.523
values_465; 794; 15169; 3792.250; 19.104
values_466; 581; 11290; 2822.500; 19.432
values_467; 844; 16337; 4084.250; 19.356
values_468; 881; 17013; 4253.250; 19.311
values_469; 732; 14107; 3526.750; 19.271
values_47; 368; 7053; 1763.250; 19.165
values_470; 67; 1292; 323.000; 19.283
values_471; 88; 1642; 410.500; 18.659
values_472; 84; 1567; 391.750; 18.654
values_473; 88; 1642; 410.500; 18.659
values_474; 113; 2080; 520.000; 18.407
values_475; 96; 1805; 451.250; 18.802
values_476; 97; 1754; 438.500; 18.082
values_477; 80; 1479; 369.750; 18.487
values_478; 105; 1917; 479.250; 18.257
values_479; 88; 1642; 410.500; 18.659
values_48; 421; 8055; 2013.750; 19.133
values_480; 2646; 51497; 12874.250; 19.462
values_481; 2708; 52877; 13219.250; 19.526
values_482; 2080; 40679; 10169.750; 19.557
values_483; 2597; 50531; 12632.750; 19.457
values_484; 2394; 46869; 11717.250; 19.577
values_485; 2480; 47894; 11973.500; 19.312
values_486; 2742; 52992; 13248.000; 19.326
values_487; 2653; 51250; 12812.500; 19.317
values_488; 2311; 44944; 11236.000; 19.447
values_489; 2297; 44568; 11142.000; 19.402
values_49; 364; 7017; 1754.250; 19.277
values_490; 518; 9944; 2486.000; 19.196
values_491; 350; 6865; 1716.250; 19.614
values_492; 490; 9367; 2341.750; 19.116
values_493; 472; 9169; 2292.250; 19.425
values_494; 426; 8115; 2028.750; 19.049
values_495; 375; 7303; 1825.750; 19.474
values_496; 442; 8441; 2110.250; 19.097
values_497; 442; 8428; 2107.000; 19.067
values_498; 385; 7390; 1847.500; 19.194
values_499; 486; 9305; 2326.250; 19.146
values_50; 775; 15084; 3771.000; 19.463
values_500; 308; 5840; 1460.000; 18.961
values_501; 262; 5091; 1272.750; 19.431
values_502; 332; 6355; 1588.750; 19.141
values_503; 271; 5164; 1291.000; 19.055
values_504; 381; 7256; 1814.000; 19.044
values_505; 270; 5241; 1310.250; 19.411
values_506; 294; 5717; 1429.250; 19.445
values_507; 257; 5054; 1263.500; 19.665
values_508; 290; 5642; 1410.500; 19.455
values_509; 304; 5778; 1444.500; 19.006
values_51; 889; 17186; 4296.500; 19.331
values_510; 513; 9920; 2480.000; 19.337
values_511; 411; 8030; 2007.500; 19.537
values_512; 428; 8266; 2066.500; 19.313
values_513; 366; 7191; 1797.750; 19.647
values_514; 270; 5300; 1325.000; 19.629
values_515; 368; 7089; 1772.250; 19.263
values_516; 360; 6952; 1738.000; 19.311
values_517; 412; 7940; 1985.000; 19.271
values_518; 476; 9244; 2311.000; 19.420
values_519; 514; 9869; 2467.250; 19.200
values_52; 994; 19215; 4803.750; 19.330
values_520; 154; 2854; 713.500; 18.532
values_521; 146; 2691; 672.750; 18.431
values_522; 137; 2579; 644.750; 18.824
values_523; 71; 1403; 350.750; 19.760
values_524; 162; 3017; 754.250; 18.623
values_525; 137; 2579; 644.750; 18.824
values_526; 133; 2504; 626.000; 18.827
values_527; 133; 2504; 626.000; 18.827
values_528; 133; 2504; 626.000; 18.827
values_529; 100; 1916; 479.000; 19.160
values_53; 514; 9974; 2493.500; 19.404
values_530; 868; 16833; 4208.250; 19.392
values_531; 951; 18193; 4548.250; 19.130
values_532; 1136; 21891; 5472.750; 19.270
values_533; 1119; 21616; 5404.000; 19.317
values_534; 1035; 20255; 5063.750; 19.570
values_535; 966; 18648; 4662.000; 19.304
values_536; 978; 18860; 4715.000; 19.284
values_537; 961; 18572; 4643.000; 19.325
values_538; 771; 14941; 3735.250; 19.378
values_539; 950; 18296; 4574.000; 19.258
values_54; 790; 15039; 3759.750; 19.036
values_540; 1002; 19375; 4843.750; 19.336
values_541; 822; 16019; 4004.750; 19.487
values_542; 924; 17896; 4474.000; 19.367
values_543; 850; 16213; 4053.250; 19.074
values_544; 1016; 19446; 4861.500; 19.139
values_545; 936; 18160; 4540.000; 19.401
values_546; 1022; 19776; 4944.000; 19.350
values_547; 878; 17160; 4290.000; 19.544
values_548; 1033; 20026; 5006.500; 19.386
values_549; 1020; 19852; 4963.000; 19.462
values_55; 911; 17433; 4358.250; 19.136
values_550; 1527; 29709; 7427.250; 19.455
values_551; 1488; 28817; 7204.250; 19.366
values_552; 1472; 28582; 7145.500; 19.417
values_553; 1175; 23011; 5752.750; 19.583
values_554; 1412; 27353; 6838.250; 19.371
values_555; 1613; 31312; 7828.000; 19.412
values_556; 1536; 29821; 7455.250; 19.414
values_557; 1374; 26793; 6698.250; 19.500
values_558; 1572; 30204; 7551.000; 19.213
values_559; 1347; 26113; 6528.250; 19.386
values_56; 817; 15667; 3916.750; 19.176
values_560; 962; 18589; 4647.250; 19.323
values_561; 798; 15572; 3893.000; 19.513
values_562; 782; 14954; 3738.500; 19.122
values_563; 785; 15080; 3770.000; 19.210
values_564; 819; 15922; 3980.500; 19.440
values_565; 953; 18464; 4616.000; 19.374
values_566; 953; 18438; 4609.500; 19.347
values_567; 629; 12278; 3069.500; 19.519
values_568; 754; 14656; 3664.000; 19.437
values_569; 815; 15821; 3955.250; 19.412
values_57; 921; 17825; 4456.250; 19.353
values_570; 145; 2765; 691.250; 19.068
values_571; 174; 3278; 819.500; 18.839
values_572; 87; 1752; 438.000; 20.137
values_573; 185; 3567; 891.750; 19.281
values_574; 215; 4029; 1007.250; 18.739
values_575; 199; 3703; 925.750; 18.608
values_576; 198; 3767; 941.750; 19.025
values_577; 194; 3679; 919.750; 18.963
values_578; 166; 3102; 775.500; 18.686
values_579; 173; 3329; 832.250; 19.242
values_58; 543; 10753; 2688.250; 19.802
values_580; 67; 1292; 323.000; 19.283
values_581; 113; 2080; 520.000; 18.407
values_582; 113; 2080; 520.000; 18.407
values_583; 72; 1329; 332.250; 18.458
values_584; 113; 2080; 520.000; 18.407
values_585; 88; 1642; 410.500; 18.659
values_586; 88; 1642; 410.500; 18.659
values_587; 88; 1642; 410.500; 18.659
values_588; 105; 1917; 479.250; 18.257
values_589; 67; 1292; 323.000; 19.283
values_59; 762; 14858; 3714.500; 19.498
values_590; 2304; 44444; 11111.000; 19.289
values_591; 2327; 44984; 11246.000; 19.331
values_592; 2487; 48244; 12061.000; 19.398
values_593; 2135; 41072; 10268.000; 19.237
values_594; 2370; 46042; 11510.500; 19.427
values_595; 2419; 46969; 11742.250; 19.416
values_596; 2141; 41506; 10376.500; 19.386
values_597; 2100; 40729; 10182.250; 19.394
values_598; 2026; 39390; 9847.500; 19.442
values_599; 2325; 45125; 11281.250; 19.408
values_60; 332; 6355; 1588.750; 19.141
values_600; 1052; 20498; 5124.500; 19.484
values_601; 1352; 26208; 6552.000; 19.384
values_602; 1264; 24376; 6094.000; 19.284
values_603; 1173; 22892; 5723.000; 19.515
values_604; 1026; 19780; 4945.000; 19.278
values_605; 1359; 26396; 6599.000; 19.423
values_606; 1140; 21973; 5493.250; 19.274
values_607; 1136; 21859; 5464.750; 19.242
values_608; 1152; 22490; 5622.500; 19.522
values_609; 932; 18053; 4513.250; 19.370
values_61; 327; 6318; 1579.500; 19.321
values_610; 994; 19501; 4875.250; 19.618
values_611; 957; 18507; 4626.750; 19.338
values_612; 939; 18335; 4583.750; 19.526
values_613; 1126; 21788; 5447.000; 19.349
values_614; 1141; 22191; 5547.750; 19.448
values_615; 1196; 23052; 5763.000; 19.274
values_616; 989; 19172; 4793.000; 19.385
values_617; 1236; 23867; 5966.750; 19.309
values_618; 1018; 19724; 4931.000; 19.375
values_619; 905; 17532; 4383.000; 19.372
values_62; 226; 4377; 1094.250; 19.367
values_620; 2098; 40474; 10118.500; 19.291
values_621; 2131; 41406; 10351.500; 19.430
values_622; 2210; 43113; 10778.250; 19.508
values_623; 1671; 32657; 8164.250; 19.543
values_624; 1925; 37222; 9305.500; 19.336
values_625; 2463; 47755; 11938.750; 19.388
values_626; 2091; 40682; 10170.500; 19.455
values_627; 2062; 40065; 10016.250; 19.430
values_628; 2457; 47834; 11958.500; 19.468
values_629; 2256; 43797; 10949.250; 19.413
values_63; 262; 5065; 1266.250; 19.332
values_630; 105; 1917; 479.250; 18.257
values_631; 105; 1917; 479.250; 18.257
values_632; 96; 1805; 451.250; 18.802
values_633; 113; 2080; 520.000; 18.407
values_634; 84; 1567; 391.750; 18.654
values_635; 105; 1917; 479.250; 18.257
values_636; 105; 1917; 479.250; 18.257
values_637; 105; 1917; 479.250; 18.257
values_638; 105; 1917; 479.250; 18.257
values_639; 88; 1642; 410.500; 18.659
values_64; 373; 7093; 1773.250; 19.016
values_640; 1459; 28424; 7106.000; 19.481
values_641; 1470; 28700; 7175.000; 19.523
values_642; 1310; 25544; 6386.000; 19.499
values_643; 1485; 28746; 7186.500; 19.357
values_644; 1164; 22699; 5674.750; 19.500
values_645; 1239; 24013; 6003.250; 19.380
values_646; 1205; 23158; 5789.500; 19.218
values_647; 1237; 24115; 6028.750; 19.494
values_648; 1467; 28217; 7054.250; 19.234
values_649; 1348; 26065; 6516.250; 19.336
values_65; 300; 5677; 1419.250; 18.923
values_650; 322; 6314; 1578.500; 19.608
values_651; 497; 9607; 2401.750; 19.329
values_652; 498; 9530; 2382.500; 19.136
values_653; 474; 9041; 2260.250; 19.073
values_654; 357; 6826; 1706.500; 19.120
values_655; 391; 7629; 1907.250; 19.511
values_656; 506; 9693; 2423.250; 19.156
values_657; 458; 8715; 2178.750; 19.028
values_658; 453; 8691; 2172.750; 19.185
values_659; 493; 9532; 2383.000; 19.334
values_66; 349; 6604; 1651.000; 18.922
values_660; 88; 1642; 410.500; 18.659
values_661; 88; 1642; 410.500; 18.659
values_662; 96; 1805; 451.250; 18.802
values_663; 105; 1917; 479.250; 18.257
values_664; 113; 2080; 520.000; 18.407
values_665; 105; 1917; 479.250; 18.257
values_666; 55; 1054; 263.500; 19.163
values_667; 67; 1292; 323.000; 19.283
values_668; 113; 2080; 520.000; 18.407
values_669; 72; 1329; 332.250; 18.458
values_67; 254; 4928; 1232.000; 19.401
values_670; 1108; 21636; 5409.000; 19.527
values_671; 1324; 25537; 6384.250; 19.287
values_672; 1479; 28786; 7196.500; 19.463
values_673; 1153; 22384; 5596.000; 19.413
values_674; 1514; 29246; 7311.500; 19.317
values_675; 1388; 26893; 6723.250; 19.375
values_676; 1133; 21983; 5495.750; 19.402
values_677; 1448; 28083; 7020.750; 19.394
values_678; 1216; 23460; 5865.000; 19.292
values_679; 1396; 27004; 6751.000; 19.343
values_68; 201; 3952; 988.000; 19.661
values_680; 650; 12657; 3164.250; 19.472
values_681; 754; 14685; 3671.250; 19.476
values_682; 764; 14707; 3676.750; 19.250
values_683; 896; 17416; 4354.000; 19.437
values_684; 573; 11140; 2785.000; 19.441
values_685; 694; 13469; 3367.250; 19.407
values_686; 590; 11454; 2863.500; 19.413
values_687; 770; 14680; 3670.000; 19.064
values_688; 792; 15323; 3830.750; 19.347
values_689; 793; 15220; 3805.000; 19.192
values_69; 279; 5327; 1331.750; 19.093
values_690; 1369; 26795; 6698.750; 19.572
values_691; 1635; 31559; 7889.750; 19.302
values_692; 1019; 19891; 4972.750; 19.520
values_693; 1414; 27608; 6902.000; 19.524
values_694; 1691; 32700; 8175.000; 19.337
values_695; 1549; 30034; 7508.500; 19.389
values_696; 1416; 27350; 6837.500; 19.314
values_697; 1811; 35145; 8786.250; 19.406
values_698; 1418; 27605; 6901.250; 19.467
values_699; 1638; 31698; 7924.500; 19.351
values_70; 169; 3254; 813.500; 19.254
values_700; 352; 6743; 1685.750; 19.156
values_701; 279; 5327; 1331.750; 19.093
values_702; 319; 6142; 1535.500; 19.253
values_703; 300; 5677; 1419.250; 18.923
values_704; 279; 5340; 1335.000; 19.139
values_705; 335; 6468; 1617.000; 19.307
values_706; 405; 7745; 1936.250; 19.123
values_707; 238; 4602; 1150.500; 19.336
values_708; 336; 6417; 1604.250; 19.098
values_709; 316; 6003; 1500.750; 18.996
values_71; 140; 2741; 685.250; 19.578
values_710; 676; 12995; 3248.750; 19.223
values_711; 665; 12985; 3246.250; 19.526
values_712; 532; 10379; 2594.750; 19.509
values_713; 586; 11317; 2829.250; 19.312
values_714; 713; 13632; 3408.000; 19.119
values_715; 604; 11528; 2882.000; 19.086
values_716; 554; 10665; 2666.250; 19.250
values_717; 557; 10817; 2704.250; 19.420
values_718; 610; 11806; 2951.500; 19.354
values_719; 680; 13031; 3257.750; 19.163
values_72; 177; 3404; 851.000; 19.231
values_720; 848; 16383; 4095.750; 19.319
values_721; 882; 16972; 4243.000; 19.242
values_722; 808; 15607; 3901.750; 19.315
values_723; 880; 17074; 4268.500; 19.402
values_724; 722; 14004; 3501.000; 19.396
values_725; 856; 16546; 4136.500; 19.329
values_726; 677; 13191; 3297.750; 19.484
values_727; 710; 13831; 3457.750; 19.480
values_728; 638; 12403; 3100.750; 19.440
values_729; 906; 17422; 4355.500; 19.229
values_73; 206; 3917; 979.250; 19.014
values_730; 43; 780; 195.000; 18.139
values_731; 51; 943; 235.750; 18.490
values_732; 68; 1218; 304.500; 17.911
values_733; 51; 943; 235.750; 18.490
values_734; 51; 943; 235.750; 18.490
values_735; 51; 943; 235.750; 18.490
values_736; 39; 705; 176.250; 18.076
values_737; 68; 1218; 304.500; 17.911
values_738; 39; 705; 176.250; 18.076
values_739; 51; 943; 235.750; 18.490
values_74; 182; 3428; 857.000; 18.835
values_740; 198; 3754; 938.500; 18.959
values_741; 207; 3866; 966.500; 18.676
values_742; 202; 3842; 960.500; 19.019
values_743; 185; 3567; 891.750; 19.281
values_744; 141; 2690; 672.500; 19.078
values_745; 169; 3241; 810.250; 19.177
values_746; 170; 3203; 800.750; 18.841
values_747; 165; 3166; 791.500; 19.187
values_748; 198; 3754; 938.500; 18.959
values_749; 174; 3265; 816.250; 18.764
values_75; 153; 2928; 732.000; 19.137
values_750; 384; 7405; 1851.250; 19.283
values_751; 404; 7793; 1948.250; 19.289
values_752; 267; 5138; 1284.500; 19.243
values_753; 364; 6991; 1747.750; 19.206
values_754; 311; 5976; 1494.000; 19.215
values_755; 376; 7229; 1807.250; 19.226
values_756; 292; 5576; 1394.000; 19.095
values_757; 368; 7066; 1766.500; 19.201
values_758; 344; 6603; 1650.750; 19.194
values_759; 345; 6539; 1634.750; 18.953
values_76; 128; 2503; 625.750; 19.554
values_760; 141; 2667; 666.750; 18.914
values_761; 116; 2229; 557.250; 19.215
values_762; 112; 2154; 538.500; 19.232
values_763; 129; 2429; 607.250; 18.829
values_764; 116; 2229; 557.250; 19.215
values_765; 137; 2579; 644.750; 18.824
values_766; 116; 2229; 557.250; 19.215
values_767; 104; 1991; 497.750; 19.144
values_768; 116; 2229; 557.250; 19.215
values_769; 129; 2429; 607.250; 18.829
values_77; 157; 3016; 754.000; 19.210
values_770; 1823; 35666; 8916.500; 19.564
values_771; 2294; 44490; 11122.500; 19.394
values_772; 1810; 35453; 8863.250; 19.587
values_773; 1975; 38380; 9595.000; 19.432
values_774; 2382; 46309; 11577.250; 19.441
values_775; 2085; 40368; 10092.000; 19.361
values_776; 2096; 40696; 10174.000; 19.416
values_777; 1575; 30730; 7682.500; 19.511
values_778; 1804; 35123; 8780.750; 19.469
values_779; 1913; 36909; 9227.250; 19.293
values_78; 198; 3754; 938.500; 18.959
values_780; 1113; 21695; 5423.750; 19.492
values_781; 992; 18957; 4739.250; 19.109
values_782; 961; 18598; 4649.500; 19.352
values_783; 921; 17744; 4436.000; 19.266
values_784; 856; 16660; 4165.000; 19.462
values_785; 846; 16547; 4136.750; 19.559
values_786; 980; 19037; 4759.250; 19.425
values_787; 946; 18169; 4542.250; 19.206
values_788; 956; 18587; 4646.750; 19.442
values_789; 769; 15095; 3773.750; 19.629
values_79; 194; 3679; 919.750; 18.963
values_790; 105; 1917; 479.250; 18.257
values_791; 105; 1917; 479.250; 18.257
values_792; 97; 1754; 438.500; 18.082
values_793; 67; 1292; 323.000; 19.283
values_794; 96; 1805; 451.250; 18.802
values_795; 105; 1917; 479.250; 18.257
values_796; 67; 1292; 323.000; 19.283
values_797; 88; 1642; 410.500; 18.659
values_798; 72; 1329; 332.250; 18.458
values_799; 84; 1567; 391.750; 18.654
values_80; 306; 5978; 1494.500; 19.535
values_800; 325; 6115; 1528.750; 18.815
values_801; 365; 6930; 1732.500; 18.986
values_802; 287; 5516; 1379.000; 19.219
values_803; 308; 5840; 1460.000; 18.961
values_804; 373; 7093; 1773.250; 19.016
values_805; 357; 6767; 1691.750; 18.955
values_806; 234; 4514; 1128.500; 19.290
values_807; 246; 4765; 1191.250; 19.369
values_808; 250; 4853; 1213.250; 19.412
values_809; 270; 5228; 1307.000; 19.362
values_81; 327; 6328; 1582.000; 19.351
values_810; 303; 5816; 1454.000; 19.194
values_811; 340; 6492; 1623.000; 19.094
values_812; 258; 5003; 1250.750; 19.391
values_813; 262; 5078; 1269.500; 19.381
values_814; 267; 5102; 1275.500; 19.108
values_815; 311; 5979; 1494.750; 19.225
values_816; 278; 5391; 1347.750; 19.392
values_817; 156; 3113; 778.250; 19.955
values_818; 222; 4276; 1069.000; 19.261
values_819; 332; 6355; 1588.750; 19.141
values_82; 405; 7729; 1932.250; 19.083
values_820; 279; 5340; 1335.000; 19.139
values_821; 230; 4439; 1109.750; 19.300
values_822; 308; 5840; 1460.000; 18.961
values_823; 283; 5441; 1360.250; 19.226
values_824; 348; 6655; 1663.750; 19.123
values_825; 349; 6604; 1651.000; 18.922
values_826; 373; 7093; 1773.250; 19.016
values_827; 222; 4302; 1075.500; 19.378
values_828; 271; 5203; 1300.750; 19.199
values_829; 332; 6329; 1582.250; 19.063
values_83; 373; 7077; 1769.250; 18.973
values_830; 374; 7354; 1838.500; 19.663
values_831; 475; 8990; 2247.500; 18.926
values_832; 453; 8717; 2179.250; 19.242
values_833; 395; 7717; 1929.250; 19.536
values_834; 423; 8255; 2063.750; 19.515
values_835; 404; 7777; 1944.250; 19.250
values_836; 417; 8003; 2000.750; 19.191
values_837; 423; 8255; 2063.750; 19.515
values_838; 458; 8715; 2178.750; 19.028
values_839; 442; 8389; 2097.250; 18.979
values_84; 445; 8544; 2136.000; 19.200
values_840; 231; 4355; 1088.750; 18.852
values_841; 128; 2490; 622.500; 19.453
values_842; 161; 3078; 769.500; 19.118
values_843; 194; 3679; 919.750; 18.963
values_844; 161; 3078; 769.500; 19.118
values_845; 169; 3241; 810.250; 19.177
values_846; 166; 3128; 782.000; 18.843
values_847; 170; 3203; 800.750; 18.841
values_848; 223; 4192; 1048.000; 18.798
values_849; 190; 3604; 901.000; 18.968
values_85; 323; 6253; 1563.250; 19.359
values_850; 876; 16918; 4229.500; 19.312
values_851; 954; 18780; 4695.000; 19.685
values_852; 1103; 21290; 5322.500; 19.301
values_853; 977; 18950; 4737.500; 19.396
values_854; 919; 17937; 4484.250; 19.517
values_855; 983; 18845; 4711.250; 19.170
values_856; 925; 17845; 4461.250; 19.291
values_857; 928; 18049; 4512.250; 19.449
values_858; 999; 19171; 4792.750; 19.190
values_859; 799; 15596; 3899.000; 19.519
values_86; 282; 5476; 1369.000; 19.418
values_860; 650; 12608; 3152.000; 19.396
values_861; 673; 12817; 3204.250; 19.044
values_862; 603; 11540; 2885.000; 19.137
values_863; 646; 12520; 3130.000; 19.380
values_864; 570; 11043; 2760.750; 19.373
values_865; 584; 11140; 2785.000; 19.075
values_866; 764; 14749; 3687.250; 19.304
values_867; 674; 13071; 3267.750; 19.393
values_868; 675; 13007; 3251.750; 19.269
values_869; 549; 10641; 2660.250; 19.382
values_87; 445; 8544; 2136.000; 19.200
values_870; 667; 12919; 3229.750; 19.368
values_871; 595; 11491; 2872.750; 19.312
values_872; 667; 12841; 3210.250; 19.251
values_873; 723; 14008; 3502.000; 19.374
values_874; 712; 13654; 3413.500; 19.176
values_875; 799; 15524; 3881.000; 19.429
values_876; 715; 13832; 3458.000; 19.345
values_877; 696; 13380; 3345.000; 19.224
values_878; 618; 11979; 2994.750; 19.383
values_879; 884; 17152; 4288.000; 19.402
values_88; 303; 5813; 1453.250; 19.184
values_880; 136; 2653; 663.250; 19.507
values_881; 207; 3866; 966.500; 18.676
values_882; 152; 2979; 744.750; 19.598
values_883; 153; 2915; 728.750; 19.052
values_884; 198; 3754; 938.500; 18.959
values_885; 231; 4355; 1088.750; 18.852
values_886; 136; 2653; 663.250; 19.507
values_887; 190; 3604; 901.000; 18.968
values_888; 182; 3428; 857.000; 18.835
values_889; 128; 2490; 622.500; 19.453
values_89; 299; 5764; 1441.000; 19.277
values_890; 202; 3842; 960.500; 19.019
values_891; 153; 2915; 728.750; 19.052
values_892; 215; 4029; 1007.250; 18.739
values_893; 124; 2415; 603.750; 19.475
values_894; 144; 2816; 704.000; 19.555
values_895; 185; 3567; 891.750; 19.281
values_896; 190; 3591; 897.750; 18.900
values_897; 190; 3604; 901.000; 18.968
values_898; 223; 4192; 1048.000; 18.798
values_899; 231; 4355; 1088.750; 18.852
values_90; 279; 5330; 1332.500; 19.103
values_900; 68; 1218; 304.500; 17.911
values_901; 60; 1055; 263.750; 17.583
values_902; 68; 1218; 304.500; 17.911
values_903; 68; 1218; 304.500; 17.911
values_904; 51; 943; 235.750; 18.490
values_905; 60; 1055; 263.750; 17.583
values_906; 51; 943; 235.750; 18.490
values_907; 51; 943; 235.750; 18.490
values_908; 60; 1055; 263.750; 17.583
values_909; 43; 780; 195.000; 18.139
values_91; 288; 5442; 1360.500; 18.895
values_910; 18; 319; 79.750; 17.722
values_911; 35; 594; 148.500; 16.971
values_912; 35; 594; 148.500; 16.971
values_913; 35; 594; 148.500; 16.971
values_914; 35; 594; 148.500; 16.971
values_915; 35; 594; 148.500; 16.971
values_916; 35; 594; 148.500; 16.971
values_917; 35; 594; 148.500; 16.971
values_918; 35; 594; 148.500; 16.971
values_919; 35; 594; 148.500; 16.971
values_92; 202; 3865; 966.250; 19.133
values_920; 475; 8990; 2247.500; 18.926
values_921; 499; 9479; 2369.750; 18.995
values_922; 474; 9067; 2266.750; 19.128
values_923; 541; 10484; 2621.000; 19.378
values_924; 460; 8944; 2236.000; 19.443
values_925; 402; 7626; 1906.500; 18.970
values_926; 441; 8466; 2116.500; 19.197
values_927; 409; 7827; 1956.750; 19.136
values_928; 490; 9367; 2341.750; 19.116
values_929; 506; 9706; 2426.500; 19.181
values_93; 263; 5004; 1251.000; 19.026
values_930; 2722; 53026; 13256.500; 19.480
values_931; 2383; 46411; 11602.750; 19.475
values_932; 2422; 47381; 11845.250; 19.562
values_933; 2716; 52988; 13247.000; 19.509
values_934; 2392; 46867; 11716.750; 19.593
values_935; 2933; 56955; 14238.750; 19.418
values_936; 2726; 53114; 13278.500; 19.484
values_937; 2550; 49833; 12458.250; 19.542
values_938; 2504; 48409; 12102.250; 19.332
values_939; 2504; 48422; 12105.500; 19.337
values_94; 250; 4817; 1204.250; 19.268
values_940; 2068; 40262; 10065.500; 19.469
values_941; 2037; 39708; 9927.000; 19.493
values_942; 2183; 42157; 10539.250; 19.311
values_943; 2106; 41010; 10252.500; 19.472
values_944; 1877; 36448; 9112.000; 19.418
values_945; 1859; 35880; 8970.000; 19.300
values_946; 1928; 37195; 9298.750; 19.292
values_947; 1956; 37850; 9462.500; 19.350
values_948; 1685; 32848; 8212.000; 19.494
values_949; 2008; 39007; 9751.750; 19.425
values_95; 210; 4028; 1007.000; 19.180
values_950; 2343; 45310; 11327.500; 19.338
values_951; 1902; 37078; 9269.500; 19.494
values_952; 2020; 39190; 9797.500; 19.400
values_953; 2513; 48975; 12243.750; 19.488
values_954; 2230; 43144; 10786.000; 19.347
values_955; 2300; 44908; 11227.000; 19.525
values_956; 2151; 41885; 10471.250; 19.472
values_957; 2299; 44803; 11200.750; 19.488
values_958; 2410; 46753; 11688.250; 19.399
values_959; 2489; 48499; 12124.750; 19.485
values_96; 136; 2689; 672.250; 19.772
values_960; 202; 3839; 959.750; 19.004
values_961; 263; 5004; 1251.000; 19.026
values_962; 271; 5167; 1291.750; 19.066
values_963; 255; 4841; 1210.250; 18.984
values_964; 259; 4929; 1232.250; 19.030
values_965; 193; 3753; 938.250; 19.445
values_966; 288; 5442; 1360.500; 18.895
values_967; 271; 5167; 1291.750; 19.066
values_968; 242; 4654; 1163.500; 19.231
values_969; 242; 4654; 1163.500; 19.231
values_97; 226; 4328; 1082.000; 19.150
values_970; 198; 3754; 938.500; 18.959
values_971; 161; 3078; 769.500; 19.118
values_972; 177; 3404; 851.000; 19.231
values_973; 206; 3917; 979.250; 19.014
values_974; 128; 2503; 625.750; 19.554
values_975; 223; 4192; 1048.000; 18.798
values_976; 177; 3404; 851.000; 19.231
values_977; 185; 3567; 891.750; 19.281
values_978; 182; 3428; 857.000; 18.835
values_979; 215; 4029; 1007.250; 18.739
values_98; 226; 4341; 1085.250; 19.207
values_980; 1169; 22794; 5698.500; 19.498
values_981; 973; 18937; 4734.250; 19.462
values_982; 963; 18837; 4709.250; 19.560
values_983; 1207; 23354; 5838.500; 19.348
values_984; 1173; 22512; 5628.000; 19.191
values_985; 1022; 19708; 4927.000; 19.283
values_986; 1078; 20888; 5222.000; 19.376
values_987; 1009; 19495; 4873.750; 19.321
values_988; 1153; 22429; 5607.250; 19.452
values_989; 1075; 21041; 5260.250; 19.573
values_99; 283; 5418; 1354.500; 19.144
values_990; 2182; 42273; 10568.250; 19.373
values_991; 1665; 32330; 8082.500; 19.417
values_992; 1986; 38799; 9699.750; 19.536
values_993; 1827; 35423; 8855.750; 19.388
values_994; 2377; 46272; 11568.000; 19.466
values_995; 2162; 41846; 10461.500; 19.355
values_996; 1485; 29156; 7289.000; 19.633
values_997; 2208; 42913; 10728.250; 19.435
values_998; 2050; 39973; 9993.250; 19.499
values_999; 2056; 39972; 9993.000; 19.441
