Incite; Executed C Instr; Clock Cycle Effective; Execution Time; CC4CS;
values_00; 98; 1054; 263.500; 10.755
values_01; 98; 1054; 263.500; 10.755
values_02; 98; 1054; 263.500; 10.755
values_03; 101; 1137; 284.250; 11.257
values_04; 101; 1137; 284.250; 11.257
values_05; 98; 1054; 263.500; 10.755
values_06; 98; 1054; 263.500; 10.755
values_07; 98; 1054; 263.500; 10.755
values_08; 101; 1137; 284.250; 11.257
values_09; 98; 1054; 263.500; 10.755
values_10; 165; 2861; 715.250; 17.339
values_100; 922; 17468; 4367.000; 18.945
values_101; 937; 17862; 4465.500; 19.062
values_102; 902; 16846; 4211.500; 18.676
values_103; 908; 17092; 4273.000; 18.823
values_104; 940; 18002; 4500.500; 19.151
values_105; 924; 17462; 4365.500; 18.898
values_106; 892; 16552; 4138.000; 18.556
values_107; 926; 17618; 4404.500; 19.025
values_108; 921; 17390; 4347.500; 18.881
values_109; 923; 17452; 4363.000; 18.907
values_11; 165; 2123; 530.750; 12.866
values_110; 2372; 111909; 27977.250; 47.179
values_111; 2474; 74859; 18714.750; 30.258
values_112; 3079; 107653; 26913.250; 34.963
values_113; 2724; 80516; 20129.000; 29.558
values_114; 2464; 67754; 16938.500; 27.497
values_115; 1518; 73546; 18386.500; 48.449
values_116; 2209; 83133; 20783.250; 37.633
values_117; 2751; 84231; 21057.750; 30.618
values_118; 1616; 187065; 46766.250; 115.758
values_119; 2475; 93023; 23255.750; 37.585
values_12; 165; 2123; 530.750; 12.866
values_120; 3028; 112127; 28031.750; 37.030
values_121; 1895; 65424; 16356.000; 34.524
values_122; 2122; 68796; 17199.000; 32.420
values_123; 2920; 68104; 17026.000; 23.323
values_124; 1893; 64704; 16176.000; 34.180
values_125; 1930; 60232; 15058.000; 31.208
values_126; 2985; 68070; 17017.500; 22.804
values_127; 2442; 67970; 16992.500; 27.833
values_128; 1903; 67379; 16844.750; 35.406
values_129; 2355; 72611; 18152.750; 30.832
values_13; 165; 2861; 715.250; 17.339
values_130; 1755; 90626; 22656.500; 51.638
values_131; 2190; 66758; 16689.500; 30.483
values_132; 1899; 105026; 26256.500; 55.305
values_133; 3149; 116391; 29097.750; 36.961
values_134; 2033; 75849; 18962.250; 37.308
values_135; 1578; 92139; 23034.750; 58.389
values_136; 3055; 103425; 25856.250; 33.854
values_137; 1894; 115994; 28998.500; 61.242
values_138; 2041; 64949; 16237.250; 31.822
values_139; 3046; 77869; 19467.250; 25.564
values_14; 162; 3516; 879.000; 21.703
values_140; 3339; 98793; 24698.250; 29.587
values_141; 2754; 74690; 18672.500; 27.120
values_142; 1372; 53703; 13425.750; 39.142
values_143; 2499; 105237; 26309.250; 42.111
values_144; 2884; 72697; 18174.250; 25.207
values_145; 2735; 60445; 15111.250; 22.100
values_146; 1951; 109911; 27477.750; 56.335
values_147; 2592; 101251; 25312.750; 39.062
values_148; 2849; 83497; 20874.250; 29.307
values_149; 3180; 93797; 23449.250; 29.495
values_15; 165; 2861; 715.250; 17.339
values_150; 2152; 91468; 22867.000; 42.503
values_151; 1924; 111962; 27990.500; 58.192
values_152; 1919; 73287; 18321.750; 38.190
values_153; 1764; 74421; 18605.250; 42.188
values_154; 2594; 96190; 24047.500; 37.081
values_155; 2299; 89901; 22475.250; 39.104
values_156; 2258; 85439; 21359.750; 37.838
values_157; 2275; 85122; 21280.500; 37.416
values_158; 2476; 106797; 26699.250; 43.132
values_159; 2472; 76511; 19127.750; 30.951
values_16; 162; 2040; 510.000; 12.592
values_160; 2614; 71344; 17836.000; 27.293
values_161; 2329; 74416; 18604.000; 31.951
values_162; 1511; 81165; 20291.250; 53.716
values_163; 2165; 80219; 20054.750; 37.052
values_164; 2624; 83097; 20774.250; 31.668
values_165; 2506; 82177; 20544.250; 32.792
values_166; 2593; 78380; 19595.000; 30.227
values_167; 2783; 78079; 19519.750; 28.055
values_168; 3030; 99419; 24854.750; 32.811
values_169; 2852; 98250; 24562.500; 34.449
values_17; 165; 2123; 530.750; 12.866
values_170; 3162; 88310; 22077.500; 27.928
values_171; 2458; 73196; 18299.000; 29.778
values_172; 1923; 76259; 19064.750; 39.656
values_173; 2548; 86164; 21541.000; 33.816
values_174; 1510; 68240; 17060.000; 45.192
values_175; 2770; 87934; 21983.500; 31.745
values_176; 2667; 77564; 19391.000; 29.082
values_177; 2749; 79186; 19796.500; 28.805
values_178; 2909; 87659; 21914.750; 30.133
values_179; 2690; 69283; 17320.750; 25.755
values_18; 162; 2778; 694.500; 17.148
values_180; 2317; 55355; 13838.750; 23.890
values_181; 2203; 66176; 16544.000; 30.039
values_182; 2600; 74602; 18650.500; 28.693
values_183; 2849; 102905; 25726.250; 36.119
values_184; 2153; 73721; 18430.250; 34.241
values_185; 2152; 74692; 18673.000; 34.708
values_186; 2357; 95471; 23867.750; 40.505
values_187; 2910; 72958; 18239.500; 25.071
values_188; 2489; 72733; 18183.250; 29.221
values_189; 3149; 67124; 16781.000; 21.315
values_19; 165; 2861; 715.250; 17.339
values_190; 2178; 87109; 21777.250; 39.994
values_191; 1927; 82986; 20746.500; 43.064
values_192; 2711; 73462; 18365.500; 27.097
values_193; 3239; 86272; 21568.000; 26.635
values_194; 2482; 81113; 20278.250; 32.680
values_195; 2210; 89673; 22418.250; 40.576
values_196; 2477; 74011; 18502.750; 29.879
values_197; 2358; 90905; 22726.250; 38.551
values_198; 3002; 79407; 19851.750; 26.451
values_199; 2058; 74637; 18659.250; 36.266
values_20; 169; 2123; 530.750; 12.562
values_200; 298; 4570; 1142.500; 15.335
values_201; 296; 4500; 1125.000; 15.202
values_202; 299; 4630; 1157.500; 15.484
values_203; 306; 4807; 1201.750; 15.709
values_204; 286; 4224; 1056.000; 14.769
values_205; 303; 4739; 1184.750; 15.640
values_206; 293; 4432; 1108.000; 15.126
values_207; 293; 4432; 1108.000; 15.126
values_208; 300; 4671; 1167.750; 15.570
values_209; 312; 4974; 1243.500; 15.942
values_21; 164; 2778; 694.500; 16.939
values_210; 484; 9438; 2359.500; 19.500
values_211; 739; 11184; 2796.000; 15.133
values_212; 404; 9301; 2325.250; 23.022
values_213; 409; 8369; 2092.250; 20.462
values_214; 816; 21354; 5338.500; 26.169
values_215; 486; 11917; 2979.250; 24.520
values_216; 503; 24821; 6205.250; 49.345
values_217; 410; 11608; 2902.000; 28.312
values_218; 582; 21772; 5443.000; 37.408
values_219; 396; 5885; 1471.250; 14.861
values_22; 165; 2861; 715.250; 17.339
values_220; 479; 7156; 1789.000; 14.939
values_221; 671; 24085; 6021.250; 35.894
values_222; 573; 23378; 5844.500; 40.799
values_223; 741; 20325; 5081.250; 27.429
values_224; 394; 5784; 1446.000; 14.680
values_225; 825; 18868; 4717.000; 22.870
values_226; 736; 17128; 4282.000; 23.271
values_227; 645; 16840; 4210.000; 26.108
values_228; 747; 23746; 5936.500; 31.788
values_229; 572; 19152; 4788.000; 33.482
values_23; 162; 2778; 694.500; 17.148
values_230; 748; 17031; 4257.750; 22.768
values_231; 574; 17635; 4408.750; 30.722
values_232; 826; 19854; 4963.500; 24.036
values_233; 575; 10740; 2685.000; 18.678
values_234; 761; 16481; 4120.250; 21.657
values_235; 573; 17141; 4285.250; 29.914
values_236; 490; 14244; 3561.000; 29.069
values_237; 571; 26704; 6676.000; 46.767
values_238; 673; 12525; 3131.250; 18.610
values_239; 661; 19436; 4859.000; 29.403
values_24; 164; 4992; 1248.000; 30.439
values_240; 497; 17943; 4485.750; 36.102
values_241; 501; 7396; 1849.000; 14.762
values_242; 586; 15593; 3898.250; 26.609
values_243; 672; 19821; 4955.250; 29.495
values_244; 671; 21871; 5467.750; 32.594
values_245; 571; 23036; 5759.000; 40.343
values_246; 574; 11574; 2893.500; 20.163
values_247; 746; 18022; 4505.500; 24.158
values_248; 496; 22691; 5672.750; 45.747
values_249; 814; 20266; 5066.500; 24.896
values_25; 164; 2778; 694.500; 16.939
values_250; 673; 16869; 4217.250; 25.065
values_251; 396; 6758; 1689.500; 17.065
values_252; 686; 19554; 4888.500; 28.504
values_253; 399; 5871; 1467.750; 14.714
values_254; 589; 12160; 3040.000; 20.645
values_255; 493; 16030; 4007.500; 32.515
values_256; 584; 10691; 2672.750; 18.306
values_257; 655; 10587; 2646.750; 16.163
values_258; 490; 8293; 2073.250; 16.924
values_259; 480; 23074; 5768.500; 48.070
values_26; 162; 3516; 879.000; 21.703
values_260; 499; 17740; 4435.000; 35.551
values_261; 665; 25152; 6288.000; 37.822
values_262; 841; 18100; 4525.000; 21.521
values_263; 397; 6787; 1696.750; 17.095
values_264; 578; 18096; 4524.000; 31.307
values_265; 752; 13156; 3289.000; 17.494
values_266; 669; 23423; 5855.750; 35.011
values_267; 411; 7234; 1808.500; 17.600
values_268; 484; 19006; 4751.500; 39.268
values_269; 662; 20132; 5033.000; 30.410
values_27; 165; 2861; 715.250; 17.339
values_270; 644; 19495; 4873.750; 30.271
values_271; 652; 17458; 4364.500; 26.776
values_272; 671; 23802; 5950.500; 35.472
values_273; 589; 19598; 4899.500; 33.273
values_274; 825; 14648; 3662.000; 17.755
values_275; 579; 20911; 5227.750; 36.115
values_276; 585; 17486; 4371.500; 29.890
values_277; 668; 17873; 4468.250; 26.755
values_278; 842; 17128; 4282.000; 20.342
values_279; 757; 22451; 5612.750; 29.657
values_28; 166; 2040; 510.000; 12.289
values_280; 581; 24219; 6054.750; 41.685
values_281; 564; 22949; 5737.250; 40.689
values_282; 491; 23225; 5806.250; 47.301
values_283; 663; 12048; 3012.000; 18.171
values_284; 401; 5910; 1477.500; 14.738
values_285; 405; 6069; 1517.250; 14.985
values_286; 659; 10900; 2725.000; 16.540
values_287; 403; 6997; 1749.250; 17.362
values_288; 580; 17902; 4475.500; 30.865
values_289; 666; 16785; 4196.250; 25.202
values_29; 169; 2123; 530.750; 12.562
values_290; 487; 20637; 5159.250; 42.375
values_291; 401; 5992; 1498.000; 14.942
values_292; 641; 14130; 3532.500; 22.043
values_293; 644; 22582; 5645.500; 35.065
values_294; 662; 15802; 3950.500; 23.870
values_295; 484; 10520; 2630.000; 21.735
values_296; 808; 16653; 4163.250; 20.610
values_297; 487; 15917; 3979.250; 32.683
values_298; 394; 5784; 1446.000; 14.680
values_299; 664; 26724; 6681.000; 40.246
values_30; 169; 2123; 530.750; 12.562
values_300; 926; 17639; 4409.750; 19.048
values_301; 928; 17599; 4399.750; 18.964
values_302; 939; 17971; 4492.750; 19.138
values_303; 905; 16905; 4226.250; 18.679
values_304; 940; 17900; 4475.000; 19.042
values_305; 893; 16630; 4157.500; 18.622
values_306; 904; 16887; 4221.750; 18.680
values_307; 907; 16993; 4248.250; 18.735
values_308; 942; 18043; 4510.750; 19.153
values_309; 927; 17683; 4420.750; 19.075
values_31; 167; 2861; 715.250; 17.131
values_310; 2332; 84705; 21176.250; 36.322
values_311; 3207; 76234; 19058.500; 23.771
values_312; 2616; 84075; 21018.750; 32.138
values_313; 2621; 92522; 23130.500; 35.300
values_314; 2501; 102906; 25726.500; 41.145
values_315; 2720; 70069; 17517.250; 25.760
values_316; 2760; 83908; 20977.000; 30.401
values_317; 2349; 83301; 20825.250; 35.462
values_318; 2319; 117412; 29353.000; 50.630
values_319; 1641; 74124; 18531.000; 45.170
values_32; 166; 2040; 510.000; 12.289
values_320; 3036; 103628; 25907.000; 34.133
values_321; 2660; 103901; 25975.250; 39.060
values_322; 1910; 70172; 17543.000; 36.739
values_323; 2650; 72066; 18016.500; 27.194
values_324; 2722; 87754; 21938.500; 32.238
values_325; 2603; 68027; 17006.750; 26.134
values_326; 2766; 81857; 20464.250; 29.593
values_327; 3432; 84771; 21192.750; 24.700
values_328; 2441; 125132; 31283.000; 51.262
values_329; 2339; 77187; 19296.750; 33.000
values_33; 165; 2123; 530.750; 12.866
values_330; 2761; 80295; 20073.750; 29.081
values_331; 1905; 76153; 19038.250; 39.975
values_332; 3007; 64790; 16197.500; 21.546
values_333; 1833; 66806; 16701.500; 36.446
values_334; 2300; 91423; 22855.750; 39.749
values_335; 2578; 86909; 21727.250; 33.711
values_336; 3040; 108397; 27099.250; 35.656
values_337; 2191; 73786; 18446.500; 33.676
values_338; 3559; 92052; 23013.000; 25.864
values_339; 2487; 77017; 19254.250; 30.967
values_34; 164; 3516; 879.000; 21.439
values_340; 2643; 78190; 19547.500; 29.583
values_341; 1884; 80524; 20131.000; 42.740
values_342; 2782; 77635; 19408.750; 27.906
values_343; 3002; 111948; 27987.000; 37.291
values_344; 2891; 80260; 20065.000; 27.762
values_345; 2907; 84264; 21066.000; 28.986
values_346; 2282; 77683; 19420.750; 34.041
values_347; 2014; 78509; 19627.250; 38.981
values_348; 2235; 70722; 17680.500; 31.642
values_349; 2207; 71368; 17842.000; 32.337
values_35; 162; 2040; 510.000; 12.592
values_350; 3200; 64962; 16240.500; 20.300
values_351; 2646; 80497; 20124.250; 30.422
values_352; 2069; 66688; 16672.000; 32.231
values_353; 1517; 65167; 16291.750; 42.957
values_354; 1623; 67845; 16961.250; 41.802
values_355; 2298; 71680; 17920.000; 31.192
values_356; 2869; 84436; 21109.000; 29.430
values_357; 3218; 74412; 18603.000; 23.123
values_358; 2874; 79942; 19985.500; 27.815
values_359; 3205; 99942; 24985.500; 31.183
values_36; 165; 2123; 530.750; 12.866
values_360; 2740; 89571; 22392.750; 32.690
values_361; 1633; 74734; 18683.500; 45.764
values_362; 2632; 87910; 21977.500; 33.400
values_363; 2450; 80058; 20014.500; 32.676
values_364; 2062; 81509; 20377.250; 39.529
values_365; 2038; 87191; 21797.750; 42.782
values_366; 1909; 73690; 18422.500; 38.601
values_367; 2917; 68125; 17031.250; 23.354
values_368; 2308; 100184; 25046.000; 43.407
values_369; 2357; 95230; 23807.500; 40.403
values_37; 167; 5075; 1268.750; 30.389
values_370; 3329; 70519; 17629.750; 21.183
values_371; 1921; 75924; 18981.000; 39.523
values_372; 3032; 76249; 19062.250; 25.148
values_373; 1378; 102234; 25558.500; 74.190
values_374; 3192; 93986; 23496.500; 29.444
values_375; 2539; 87283; 21820.750; 34.376
values_376; 2640; 80386; 20096.500; 30.449
values_377; 2721; 71807; 17951.750; 26.389
values_378; 2619; 88637; 22159.250; 33.843
values_379; 2468; 103907; 25976.750; 42.101
values_38; 162; 7206; 1801.500; 44.481
values_380; 1930; 85826; 21456.500; 44.469
values_381; 2895; 63900; 15975.000; 22.072
values_382; 2793; 68220; 17055.000; 24.425
values_383; 3015; 71976; 17994.000; 23.872
values_384; 1373; 78276; 19569.000; 57.010
values_385; 2765; 86409; 21602.250; 31.250
values_386; 1901; 86626; 21656.500; 45.568
values_387; 1907; 54478; 13619.500; 28.567
values_388; 2767; 78660; 19665.000; 28.427
values_389; 2730; 74216; 18554.000; 27.185
values_39; 164; 3516; 879.000; 21.439
values_390; 1226; 68423; 17105.750; 55.809
values_391; 2579; 108767; 27191.750; 42.174
values_392; 2444; 81694; 20423.500; 33.426
values_393; 2688; 90153; 22538.250; 33.539
values_394; 2760; 77458; 19364.500; 28.064
values_395; 2937; 87070; 21767.500; 29.645
values_396; 2077; 71614; 17903.500; 34.479
values_397; 2061; 68634; 17158.500; 33.301
values_398; 3064; 82237; 20559.250; 26.839
values_399; 2165; 80327; 20081.750; 37.102
values_40; 165; 2041; 510.250; 12.369
values_400; 512; 9093; 2273.250; 17.759
values_401; 511; 8984; 2246.000; 17.581
values_402; 495; 8614; 2153.500; 17.402
values_403; 503; 8820; 2205.000; 17.534
values_404; 515; 9198; 2299.500; 17.860
values_405; 506; 8904; 2226.000; 17.596
values_406; 497; 8622; 2155.500; 17.348
values_407; 510; 9052; 2263.000; 17.749
values_408; 508; 8945; 2236.250; 17.608
values_409; 507; 8980; 2245.000; 17.712
values_41; 162; 3920; 980.000; 24.197
values_410; 1174; 44103; 11025.750; 37.566
values_411; 1281; 33314; 8328.500; 26.006
values_412; 1415; 32293; 8073.250; 22.821
values_413; 1169; 37295; 9323.750; 31.903
values_414; 955; 43654; 10913.500; 45.710
values_415; 1056; 46463; 11615.750; 43.999
values_416; 1060; 32126; 8031.500; 30.307
values_417; 1063; 36760; 9190.000; 34.581
values_418; 1255; 38275; 9568.750; 30.498
values_419; 731; 17136; 4284.000; 23.441
values_42; 165; 2695; 673.750; 16.333
values_420; 1067; 58433; 14608.250; 54.763
values_421; 1379; 42827; 10706.750; 31.056
values_422; 1448; 35294; 8823.500; 24.374
values_423; 1386; 36583; 9145.750; 26.394
values_424; 1239; 36622; 9155.500; 29.557
values_425; 1325; 53969; 13492.250; 40.731
values_426; 1341; 34253; 8563.250; 25.542
values_427; 1374; 59923; 14980.750; 43.612
values_428; 1708; 41606; 10401.500; 24.359
values_429; 1161; 40466; 10116.500; 34.854
values_43; 165; 2041; 510.250; 12.369
values_430; 1039; 51624; 12906.000; 49.686
values_431; 1280; 41579; 10394.750; 32.483
values_432; 1062; 38486; 9621.500; 36.239
values_433; 1057; 36803; 9200.750; 34.818
values_434; 1035; 38445; 9611.250; 37.144
values_435; 1319; 37636; 9409.000; 28.533
values_436; 1477; 52766; 13191.500; 35.725
values_437; 843; 44281; 11070.250; 52.527
values_438; 749; 19023; 4755.750; 25.397
values_439; 1276; 41652; 10413.000; 32.642
values_44; 162; 3920; 980.000; 24.197
values_440; 1258; 42703; 10675.750; 33.945
values_441; 1270; 35647; 8911.750; 28.068
values_442; 1493; 47306; 11826.500; 31.685
values_443; 1330; 37130; 9282.500; 27.917
values_444; 628; 10321; 2580.250; 16.434
values_445; 1484; 37262; 9315.500; 25.109
values_446; 1269; 38364; 9591.000; 30.231
values_447; 1375; 48574; 12143.500; 35.326
values_448; 1264; 44901; 11225.250; 35.522
values_449; 1470; 36209; 9052.250; 24.631
values_45; 165; 2041; 510.250; 12.369
values_450; 1043; 32066; 8016.500; 30.744
values_451; 845; 43490; 10872.500; 51.467
values_452; 1068; 60834; 15208.500; 56.960
values_453; 939; 39695; 9923.750; 42.273
values_454; 740; 33531; 8382.750; 45.312
values_455; 1456; 42486; 10621.500; 29.179
values_456; 1584; 33302; 8325.500; 21.023
values_457; 839; 31914; 7978.500; 38.038
values_458; 753; 47429; 11857.250; 62.986
values_459; 1183; 31448; 7862.000; 26.583
values_46; 162; 1958; 489.500; 12.086
values_460; 1172; 34354; 8588.500; 29.312
values_461; 851; 34352; 8588.000; 40.366
values_462; 1384; 44821; 11205.250; 32.385
values_463; 1165; 29044; 7261.000; 24.930
values_464; 963; 35009; 8752.250; 36.354
values_465; 741; 47537; 11884.250; 64.152
values_466; 1283; 30678; 7669.500; 23.911
values_467; 1258; 42402; 10600.500; 33.705
values_468; 1060; 33232; 8308.000; 31.350
values_469; 1192; 55115; 13778.750; 46.237
values_47; 165; 4003; 1000.750; 24.260
values_470; 1249; 42746; 10686.500; 34.224
values_471; 1687; 29078; 7269.500; 17.236
values_472; 1617; 44786; 11196.500; 27.696
values_473; 1406; 51545; 12886.250; 36.660
values_474; 1378; 41439; 10359.750; 30.071
values_475; 1076; 33179; 8294.750; 30.835
values_476; 1506; 44353; 11088.250; 29.450
values_477; 1061; 41301; 10325.250; 38.926
values_478; 938; 39178; 9794.500; 41.767
values_479; 1095; 38373; 9593.250; 35.043
values_48; 165; 2695; 673.750; 16.333
values_480; 1069; 35115; 8778.750; 32.848
values_481; 1179; 32849; 8212.250; 27.861
values_482; 1165; 35235; 8808.750; 30.244
values_483; 1058; 29087; 7271.750; 27.492
values_484; 1261; 42277; 10569.250; 33.526
values_485; 1380; 32604; 8151.000; 23.626
values_486; 1058; 28892; 7223.000; 27.308
values_487; 1396; 39133; 9783.250; 28.032
values_488; 1387; 45132; 11283.000; 32.539
values_489; 946; 47942; 11985.500; 50.678
values_49; 165; 2041; 510.250; 12.369
values_490; 1410; 49622; 12405.500; 35.192
values_491; 1498; 29308; 7327.000; 19.564
values_492; 1590; 47197; 11799.250; 29.683
values_493; 1047; 43813; 10953.250; 41.846
values_494; 1147; 42037; 10509.250; 36.649
values_495; 1377; 56842; 14210.500; 41.279
values_496; 1189; 44377; 11094.250; 37.322
values_497; 1060; 32318; 8079.500; 30.488
values_498; 1187; 28516; 7129.000; 24.023
values_499; 1073; 61386; 15346.500; 57.209
values_50; 167; 3349; 837.250; 20.053
values_500; 510; 9019; 2254.750; 17.684
values_501; 502; 8801; 2200.250; 17.531
values_502; 503; 8799; 2199.750; 17.493
values_503; 503; 8832; 2208.000; 17.558
values_504; 507; 8914; 2228.500; 17.581
values_505; 501; 8758; 2189.500; 17.481
values_506; 504; 8797; 2199.250; 17.454
values_507; 507; 8914; 2228.500; 17.581
values_508; 507; 8947; 2236.750; 17.646
values_509; 506; 8904; 2226.000; 17.596
values_51; 162; 3920; 980.000; 24.197
values_510; 1075; 42083; 10520.750; 39.146
values_511; 1260; 30587; 7646.750; 24.275
values_512; 966; 40342; 10085.500; 41.761
values_513; 1064; 33108; 8277.000; 31.116
values_514; 1256; 56117; 14029.250; 44.679
values_515; 936; 36246; 9061.500; 38.724
values_516; 951; 52399; 13099.750; 55.098
values_517; 1067; 47021; 11755.250; 44.068
values_518; 749; 42657; 10664.250; 56.951
values_519; 1267; 47629; 11907.250; 37.591
values_52; 166; 1958; 489.500; 11.795
values_520; 1379; 45324; 11331.000; 32.867
values_521; 762; 33746; 8436.500; 44.286
values_522; 1470; 75400; 18850.000; 51.292
values_523; 837; 40724; 10181.000; 48.654
values_524; 1274; 41545; 10386.250; 32.609
values_525; 961; 35127; 8781.750; 36.552
values_526; 1288; 47133; 11783.250; 36.593
values_527; 1391; 45201; 11300.250; 32.495
values_528; 1175; 63814; 15953.500; 54.309
values_529; 735; 11974; 2993.500; 16.291
values_53; 166; 1958; 489.500; 11.795
values_530; 1152; 54376; 13594.000; 47.201
values_531; 970; 38690; 9672.500; 39.886
values_532; 1395; 39956; 9989.000; 28.642
values_533; 1278; 42542; 10635.500; 33.287
values_534; 944; 35365; 8841.250; 37.462
values_535; 1305; 35189; 8797.250; 26.964
values_536; 1395; 39007; 9751.750; 27.962
values_537; 1281; 35628; 8907.000; 27.812
values_538; 1580; 45364; 11341.000; 28.711
values_539; 1163; 51411; 12852.750; 44.205
values_54; 169; 2041; 510.250; 12.076
values_540; 1232; 34355; 8588.750; 27.885
values_541; 949; 30446; 7611.500; 32.082
values_542; 977; 31359; 7839.750; 32.097
values_543; 949; 51390; 12847.500; 54.151
values_544; 1453; 32146; 8036.500; 22.123
values_545; 1391; 33940; 8485.000; 24.399
values_546; 1396; 41876; 10469.000; 29.997
values_547; 637; 14176; 3544.000; 22.254
values_548; 1279; 49802; 12450.500; 38.938
values_549; 1056; 27869; 6967.250; 26.391
values_55; 169; 2041; 510.250; 12.076
values_550; 750; 30452; 7613.000; 40.602
values_551; 1163; 35349; 8837.250; 30.394
values_552; 1277; 68962; 17240.500; 54.003
values_553; 1074; 32999; 8249.750; 30.725
values_554; 860; 40246; 10061.500; 46.797
values_555; 1076; 40487; 10121.750; 37.627
values_556; 1181; 37917; 9479.250; 32.105
values_557; 1171; 32731; 8182.750; 27.951
values_558; 1172; 33863; 8465.750; 28.893
values_559; 626; 10214; 2553.500; 16.316
values_56; 169; 2041; 510.250; 12.076
values_560; 1470; 35971; 8992.750; 24.470
values_561; 1064; 33805; 8451.250; 31.771
values_562; 1163; 49388; 12347.000; 42.466
values_563; 939; 31734; 7933.500; 33.795
values_564; 732; 24894; 6223.500; 34.008
values_565; 1291; 51594; 12898.500; 39.964
values_566; 1171; 40864; 10216.000; 34.896
values_567; 938; 26033; 6508.250; 27.753
values_568; 1180; 40291; 10072.750; 34.144
values_569; 745; 47823; 11955.750; 64.191
values_57; 164; 2612; 653.000; 15.926
values_570; 1287; 58300; 14575.000; 45.299
values_571; 1070; 40668; 10167.000; 38.007
values_572; 1060; 40146; 10036.500; 37.873
values_573; 1078; 33209; 8302.250; 30.806
values_574; 845; 41152; 10288.000; 48.700
values_575; 1146; 31668; 7917.000; 27.633
values_576; 730; 24726; 6181.500; 33.871
values_577; 1163; 39528; 9882.000; 33.987
values_578; 1378; 47764; 11941.000; 34.661
values_579; 1074; 48514; 12128.500; 45.171
values_58; 165; 2041; 510.250; 12.369
values_580; 652; 11020; 2755.000; 16.901
values_581; 1377; 44104; 11026.000; 32.029
values_582; 720; 41743; 10435.750; 57.976
values_583; 1082; 40093; 10023.250; 37.054
values_584; 1295; 34406; 8601.500; 26.568
values_585; 1159; 36627; 9156.750; 31.602
values_586; 956; 33116; 8279.000; 34.640
values_587; 1294; 41867; 10466.750; 32.354
values_588; 1249; 41099; 10274.750; 32.905
values_589; 631; 11628; 2907.000; 18.427
values_59; 166; 1958; 489.500; 11.795
values_590; 846; 29043; 7260.750; 34.329
values_591; 1180; 46762; 11690.500; 39.628
values_592; 1190; 34159; 8539.750; 28.705
values_593; 850; 33580; 8395.000; 39.505
values_594; 1082; 48187; 12046.750; 44.535
values_595; 1070; 24576; 6144.000; 22.968
values_596; 960; 51090; 12772.500; 53.218
values_597; 1332; 39513; 9878.250; 29.664
values_598; 1399; 50708; 12677.000; 36.245
values_599; 744; 39077; 9769.250; 52.522
values_60; 162; 1958; 489.500; 12.086
values_600; 220; 3040; 760.000; 13.818
values_601; 218; 2977; 744.250; 13.655
values_602; 225; 3165; 791.250; 14.066
values_603; 212; 2799; 699.750; 13.202
values_604; 220; 3013; 753.250; 13.695
values_605; 218; 2977; 744.250; 13.655
values_606; 217; 2951; 737.750; 13.599
values_607; 228; 3227; 806.750; 14.153
values_608; 217; 2978; 744.500; 13.723
values_609; 223; 3102; 775.500; 13.910
values_61; 165; 2779; 694.750; 16.842
values_610; 308; 5163; 1290.750; 16.762
values_611; 384; 5354; 1338.500; 13.942
values_612; 605; 8779; 2194.750; 14.510
values_613; 392; 7624; 1906.000; 19.448
values_614; 389; 10428; 2607.000; 26.807
values_615; 380; 17109; 4277.250; 45.023
values_616; 460; 6579; 1644.750; 14.302
values_617; 451; 6347; 1586.750; 14.073
values_618; 392; 7645; 1911.250; 19.502
values_619; 386; 10794; 2698.500; 27.963
values_62; 165; 3517; 879.250; 21.315
values_620; 387; 8392; 2098.000; 21.684
values_621; 306; 4146; 1036.500; 13.549
values_622; 311; 4325; 1081.250; 13.906
values_623; 386; 10349; 2587.250; 26.810
values_624; 474; 10631; 2657.750; 22.428
values_625; 537; 11354; 2838.500; 21.143
values_626; 382; 5291; 1322.750; 13.850
values_627; 304; 4083; 1020.750; 13.430
values_628; 387; 7417; 1854.250; 19.165
values_629; 531; 14836; 3709.000; 27.939
values_63; 162; 1958; 489.500; 12.086
values_630; 388; 6527; 1631.750; 16.822
values_631; 386; 10339; 2584.750; 26.784
values_632; 387; 14387; 3596.750; 37.175
values_633; 473; 15281; 3820.250; 32.306
values_634; 385; 10815; 2703.750; 28.090
values_635; 457; 15113; 3778.250; 33.070
values_636; 528; 13999; 3499.750; 26.513
values_637; 465; 15419; 3854.750; 33.159
values_638; 392; 19412; 4853.000; 49.520
values_639; 536; 15333; 3833.250; 28.606
values_64; 165; 3517; 879.250; 21.315
values_640; 465; 7356; 1839.000; 15.819
values_641; 309; 5861; 1465.250; 18.967
values_642; 393; 22278; 5569.500; 56.687
values_643; 384; 6947; 1736.750; 18.091
values_644; 464; 10012; 2503.000; 21.577
values_645; 456; 17185; 4296.250; 37.686
values_646; 392; 14114; 3528.500; 36.005
values_647; 311; 5924; 1481.000; 19.048
values_648; 523; 10740; 2685.000; 20.535
values_649; 315; 4216; 1054.000; 13.384
values_65; 165; 2041; 510.250; 12.369
values_650; 307; 4117; 1029.250; 13.410
values_651; 520; 11857; 2964.250; 22.801
values_652; 384; 6968; 1742.000; 18.145
values_653; 310; 4179; 1044.750; 13.480
values_654; 451; 9994; 2498.500; 22.159
values_655; 461; 12921; 3230.250; 28.028
values_656; 471; 10284; 2571.000; 21.834
values_657; 380; 5153; 1288.250; 13.560
values_658; 302; 4819; 1204.750; 15.956
values_659; 310; 6741; 1685.250; 21.745
values_66; 162; 2696; 674.000; 16.641
values_660; 314; 4305; 1076.250; 13.710
values_661; 387; 11582; 2895.500; 29.927
values_662; 378; 5090; 1272.500; 13.465
values_663; 470; 30699; 7674.750; 65.317
values_664; 383; 6048; 1512.000; 15.791
values_665; 309; 4180; 1045.000; 13.527
values_666; 309; 7569; 1892.250; 24.495
values_667; 378; 5944; 1486.000; 15.724
values_668; 389; 7236; 1809.000; 18.601
values_669; 457; 12382; 3095.500; 27.094
values_67; 165; 2041; 510.250; 12.369
values_670; 306; 4064; 1016.000; 13.281
values_671; 385; 5305; 1326.250; 13.779
values_672; 595; 8699; 2174.750; 14.620
values_673; 383; 19943; 4985.750; 52.070
values_674; 465; 6340; 1585.000; 13.634
values_675; 310; 6768; 1692.000; 21.832
values_676; 451; 19967; 4991.750; 44.272
values_677; 465; 14673; 3668.250; 31.554
values_678; 454; 9673; 2418.250; 21.306
values_679; 482; 6769; 1692.250; 14.043
values_68; 165; 2779; 694.750; 16.842
values_680; 384; 13944; 3486.000; 36.312
values_681; 526; 15904; 3976.000; 30.235
values_682; 382; 5127; 1281.750; 13.421
values_683; 525; 9155; 2288.750; 17.438
values_684; 523; 7156; 1789.000; 13.682
values_685; 389; 8208; 2052.000; 21.100
values_686; 529; 11993; 2998.250; 22.671
values_687; 387; 10452; 2613.000; 27.007
values_688; 306; 4091; 1022.750; 13.369
values_689; 388; 7119; 1779.750; 18.347
values_69; 165; 3517; 879.250; 21.315
values_690; 391; 12941; 3235.250; 33.097
values_691; 386; 18180; 4545.000; 47.098
values_692; 461; 13777; 3444.250; 29.885
values_693; 310; 7075; 1768.750; 22.822
values_694; 309; 6111; 1527.750; 19.776
values_695; 449; 10212; 2553.000; 22.743
values_696; 397; 24062; 6015.500; 60.609
values_697; 390; 11976; 2994.000; 30.707
values_698; 463; 10744; 2686.000; 23.205
values_699; 310; 4261; 1065.250; 13.745
values_70; 162; 2612; 653.000; 16.123
values_700; 905; 16952; 4238.000; 18.731
values_701; 911; 17143; 4285.750; 18.817
values_702; 928; 17646; 4411.500; 19.015
values_703; 921; 17309; 4327.250; 18.793
values_704; 919; 17349; 4337.250; 18.878
values_705; 918; 17318; 4329.500; 18.864
values_706; 924; 17543; 4385.750; 18.985
values_707; 932; 17715; 4428.750; 19.007
values_708; 915; 17314; 4328.500; 18.922
values_709; 899; 16740; 4185.000; 18.620
values_71; 165; 4657; 1164.250; 28.224
values_710; 2315; 68941; 17235.250; 29.780
values_711; 2489; 66204; 16551.000; 26.598
values_712; 2639; 76881; 19220.250; 29.132
values_713; 3124; 78626; 19656.500; 25.168
values_714; 2881; 104388; 26097.000; 36.233
values_715; 2876; 77918; 19479.500; 27.092
values_716; 2625; 90811; 22702.750; 34.594
values_717; 1662; 85159; 21289.750; 51.238
values_718; 1376; 116740; 29185.000; 84.840
values_719; 2740; 76970; 19242.500; 28.091
values_72; 165; 2041; 510.250; 12.369
values_720; 2195; 105876; 26469.000; 48.235
values_721; 1918; 88793; 22198.250; 46.294
values_722; 2616; 81519; 20379.750; 31.161
values_723; 2886; 80128; 20032.000; 27.764
values_724; 1789; 94994; 23748.500; 53.098
values_725; 2552; 84719; 21179.750; 33.197
values_726; 2873; 77644; 19411.000; 27.025
values_727; 2561; 69260; 17315.000; 27.044
values_728; 2672; 103348; 25837.000; 38.678
values_729; 1647; 72088; 18022.000; 43.769
values_73; 165; 3349; 837.250; 20.296
values_730; 1774; 88398; 22099.500; 49.829
values_731; 2461; 84958; 21239.500; 34.521
values_732; 2863; 124379; 31094.750; 43.443
values_733; 2633; 86595; 21648.750; 32.888
values_734; 2313; 78588; 19647.000; 33.976
values_735; 2364; 71713; 17928.250; 30.335
values_736; 1864; 95323; 23830.750; 51.138
values_737; 2907; 79997; 19999.250; 27.518
values_738; 1727; 74589; 18647.250; 43.189
values_739; 3129; 84566; 21141.500; 27.026
values_74; 162; 2612; 653.000; 16.123
values_740; 2261; 68955; 17238.750; 30.497
values_741; 2846; 77914; 19478.500; 27.376
values_742; 2178; 80266; 20066.500; 36.853
values_743; 2040; 127493; 31873.250; 62.496
values_744; 2424; 89049; 22262.250; 36.736
values_745; 2459; 82267; 20566.750; 33.455
values_746; 3137; 69923; 17480.750; 22.289
values_747; 2907; 76786; 19196.500; 26.414
values_748; 3035; 81549; 20387.250; 26.869
values_749; 2549; 67536; 16884.000; 26.495
values_75; 165; 2041; 510.250; 12.369
values_750; 2996; 111234; 27808.500; 37.127
values_751; 1969; 72852; 18213.000; 36.999
values_752; 2971; 85426; 21356.500; 28.753
values_753; 1641; 78678; 19669.500; 47.945
values_754; 2204; 80143; 20035.750; 36.362
values_755; 1939; 105990; 26497.500; 54.662
values_756; 3303; 95706; 23926.500; 28.975
values_757; 2590; 69817; 17454.250; 26.956
values_758; 1352; 76781; 19195.250; 56.790
values_759; 2529; 70331; 17582.750; 27.809
values_76; 165; 2695; 673.750; 16.333
values_760; 2335; 64049; 16012.250; 27.429
values_761; 1086; 19325; 4831.250; 17.794
values_762; 1653; 75498; 18874.500; 45.673
values_763; 3160; 113500; 28375.000; 35.917
values_764; 2445; 76588; 19147.000; 31.324
values_765; 3034; 76913; 19228.250; 25.350
values_766; 2277; 69411; 17352.750; 30.483
values_767; 3048; 104322; 26080.500; 34.226
values_768; 1221; 93873; 23468.250; 76.882
values_769; 2493; 71504; 17876.000; 28.681
values_77; 162; 1958; 489.500; 12.086
values_770; 1477; 89738; 22434.500; 60.756
values_771; 2706; 95092; 23773.000; 35.141
values_772; 1762; 59893; 14973.250; 33.991
values_773; 3002; 71531; 17882.750; 23.827
values_774; 2478; 64362; 16090.500; 25.973
values_775; 3154; 159331; 39832.750; 50.517
values_776; 2632; 68783; 17195.750; 26.133
values_777; 2056; 67989; 16997.250; 33.068
values_778; 2486; 78538; 19634.500; 31.592
values_779; 2753; 93554; 23388.500; 33.982
values_78; 162; 1958; 489.500; 12.086
values_780; 1352; 52760; 13190.000; 39.023
values_781; 2221; 72566; 18141.500; 32.672
values_782; 2715; 93104; 23276.000; 34.292
values_783; 1769; 51690; 12922.500; 29.219
values_784; 2831; 81794; 20448.500; 28.892
values_785; 2037; 59451; 14862.750; 29.185
values_786; 2619; 80104; 20026.000; 30.585
values_787; 2462; 82957; 20739.250; 33.694
values_788; 2893; 146661; 36665.250; 50.695
values_789; 2595; 97160; 24290.000; 37.441
values_79; 165; 2041; 510.250; 12.369
values_790; 2750; 68530; 17132.500; 24.920
values_791; 1648; 105282; 26320.500; 63.884
values_792; 2706; 72965; 18241.250; 26.964
values_793; 2325; 87538; 21884.500; 37.650
values_794; 1644; 78203; 19550.750; 47.568
values_795; 3246; 63281; 15820.250; 19.495
values_796; 2633; 83722; 20930.500; 31.797
values_797; 2413; 65551; 16387.750; 27.165
values_798; 2245; 85918; 21479.500; 38.270
values_799; 1891; 72233; 18058.250; 38.198
values_80; 165; 3349; 837.250; 20.296
values_800; 516; 9196; 2299.000; 17.821
values_801; 517; 9239; 2309.750; 17.870
values_802; 508; 8945; 2236.250; 17.608
values_803; 529; 9593; 2398.250; 18.134
values_804; 498; 8620; 2155.000; 17.309
values_805; 508; 8945; 2236.250; 17.608
values_806; 511; 9062; 2265.500; 17.733
values_807; 503; 8799; 2199.750; 17.493
values_808; 501; 8725; 2181.250; 17.415
values_809; 504; 8809; 2202.250; 17.478
values_81; 162; 3266; 816.500; 20.160
values_810; 1338; 50836; 12709.000; 37.994
values_811; 1254; 40144; 10036.000; 32.012
values_812; 1283; 48253; 12063.250; 37.609
values_813; 1629; 37925; 9481.250; 23.281
values_814; 733; 28279; 7069.750; 38.579
values_815; 968; 57329; 14332.250; 59.224
values_816; 724; 33986; 8496.500; 46.941
values_817; 1064; 23976; 5994.000; 22.533
values_818; 1612; 36524; 9131.000; 22.657
values_819; 1249; 33494; 8373.500; 26.816
values_82; 165; 2041; 510.250; 12.369
values_820; 1377; 30980; 7745.000; 22.498
values_821; 1166; 35868; 8967.000; 30.761
values_822; 940; 34152; 8538.000; 36.331
values_823; 1074; 46363; 11590.750; 43.168
values_824; 1590; 44149; 11037.250; 27.766
values_825; 1276; 45611; 11402.750; 35.745
values_826; 1277; 53097; 13274.250; 41.579
values_827; 743; 41623; 10405.750; 56.020
values_828; 1301; 50850; 12712.500; 39.085
values_829; 1273; 29099; 7274.750; 22.858
values_83; 162; 3920; 980.000; 24.197
values_830; 1047; 41512; 10378.000; 39.648
values_831; 925; 72934; 18233.500; 78.847
values_832; 844; 26053; 6513.250; 30.868
values_833; 1298; 33901; 8475.250; 26.117
values_834; 1161; 39398; 9849.500; 33.934
values_835; 1275; 39734; 9933.500; 31.163
values_836; 1150; 39690; 9922.500; 34.513
values_837; 1389; 40975; 10243.750; 29.499
values_838; 964; 34038; 8509.500; 35.309
values_839; 1402; 44864; 11216.000; 32.000
values_84; 162; 2612; 653.000; 16.123
values_840; 1062; 37833; 9458.250; 35.624
values_841; 952; 39607; 9901.750; 41.603
values_842; 843; 56194; 14048.500; 66.659
values_843; 1060; 52801; 13200.250; 49.812
values_844; 851; 58740; 14685.000; 69.024
values_845; 1266; 35099; 8774.750; 27.724
values_846; 1025; 53388; 13347.000; 52.085
values_847; 856; 38547; 9636.750; 45.031
values_848; 1787; 95205; 23801.250; 53.276
values_849; 1072; 41048; 10262.000; 38.291
values_85; 162; 2612; 653.000; 16.123
values_850; 1032; 44415; 11103.750; 43.037
values_851; 860; 28263; 7065.750; 32.863
values_852; 967; 38964; 9741.000; 40.293
values_853; 1068; 30673; 7668.250; 28.720
values_854; 1506; 65246; 16311.500; 43.324
values_855; 962; 46305; 11576.250; 48.134
values_856; 860; 45149; 11287.250; 52.498
values_857; 1484; 45692; 11423.000; 30.789
values_858; 935; 31198; 7799.500; 33.366
values_859; 1333; 39043; 9760.750; 29.289
values_86; 165; 2041; 510.250; 12.369
values_860; 1066; 31853; 7963.250; 29.880
values_861; 1171; 46540; 11635.000; 39.743
values_862; 1377; 39126; 9781.500; 28.413
values_863; 1391; 41265; 10316.250; 29.665
values_864; 731; 27287; 6821.750; 37.328
values_865; 1055; 35890; 8972.500; 34.018
values_866; 1058; 44659; 11164.750; 42.210
values_867; 1170; 43921; 10980.250; 37.539
values_868; 859; 59593; 14898.250; 69.374
values_869; 957; 38935; 9733.750; 40.684
values_87; 165; 2041; 510.250; 12.369
values_870; 841; 40999; 10249.750; 48.750
values_871; 1179; 49244; 12311.000; 41.767
values_872; 1595; 41324; 10331.000; 25.908
values_873; 952; 41006; 10251.500; 43.073
values_874; 1370; 31844; 7961.000; 23.243
values_875; 1279; 31200; 7800.000; 24.394
values_876; 957; 14948; 3737.000; 15.619
values_877; 1170; 35169; 8792.250; 30.058
values_878; 832; 30885; 7721.250; 37.121
values_879; 1181; 33710; 8427.500; 28.543
values_88; 165; 2041; 510.250; 12.369
values_880; 856; 36307; 9076.750; 42.414
values_881; 960; 38562; 9640.500; 40.168
values_882; 958; 34147; 8536.750; 35.644
values_883; 1456; 36866; 9216.500; 25.320
values_884; 1273; 46144; 11536.000; 36.248
values_885; 1521; 34190; 8547.500; 22.478
values_886; 1174; 42223; 10555.750; 35.965
values_887; 1283; 51677; 12919.250; 40.278
values_888; 1164; 47448; 11862.000; 40.762
values_889; 1370; 37074; 9268.500; 27.061
values_89; 162; 5228; 1307.000; 32.271
values_890; 954; 40398; 10099.500; 42.345
values_891; 1300; 61223; 15305.750; 47.094
values_892; 1269; 38317; 9579.250; 30.194
values_893; 1509; 39392; 9848.000; 26.104
values_894; 961; 39752; 9938.000; 41.365
values_895; 841; 30376; 7594.000; 36.118
values_896; 1168; 34496; 8624.000; 29.534
values_897; 957; 41724; 10431.000; 43.598
values_898; 1377; 28658; 7164.500; 20.811
values_899; 637; 10516; 2629.000; 16.508
values_90; 162; 2040; 510.000; 12.592
values_900; 98; 1054; 263.500; 10.755
values_901; 98; 1054; 263.500; 10.755
values_902; 98; 1054; 263.500; 10.755
values_903; 101; 1137; 284.250; 11.257
values_904; 98; 1054; 263.500; 10.755
values_905; 98; 1054; 263.500; 10.755
values_906; 98; 1054; 263.500; 10.755
values_907; 101; 1137; 284.250; 11.257
values_908; 98; 1054; 263.500; 10.755
values_909; 98; 1054; 263.500; 10.755
values_91; 162; 4254; 1063.500; 26.259
values_910; 162; 2040; 510.000; 12.592
values_911; 165; 2861; 715.250; 17.339
values_912; 162; 2040; 510.000; 12.592
values_913; 165; 2861; 715.250; 17.339
values_914; 162; 2778; 694.500; 17.148
values_915; 165; 2861; 715.250; 17.339
values_916; 162; 2040; 510.000; 12.592
values_917; 165; 2123; 530.750; 12.866
values_918; 165; 3599; 899.750; 21.812
values_919; 162; 2040; 510.000; 12.592
values_92; 162; 5730; 1432.500; 35.370
values_920; 162; 4254; 1063.500; 26.259
values_921; 167; 2861; 715.250; 17.131
values_922; 164; 2778; 694.500; 16.939
values_923; 166; 2040; 510.000; 12.289
values_924; 165; 2861; 715.250; 17.339
values_925; 166; 2040; 510.000; 12.289
values_926; 164; 4254; 1063.500; 25.939
values_927; 164; 3516; 879.000; 21.439
values_928; 162; 3516; 879.000; 21.703
values_929; 164; 2778; 694.500; 16.939
values_93; 165; 3599; 899.750; 21.812
values_930; 166; 2040; 510.000; 12.289
values_931; 166; 2040; 510.000; 12.289
values_932; 169; 2123; 530.750; 12.562
values_933; 166; 2040; 510.000; 12.289
values_934; 169; 2123; 530.750; 12.562
values_935; 166; 2040; 510.000; 12.289
values_936; 167; 2861; 715.250; 17.131
values_937; 164; 3516; 879.000; 21.439
values_938; 169; 2123; 530.750; 12.562
values_939; 166; 2040; 510.000; 12.289
values_94; 165; 4337; 1084.250; 26.284
values_940; 162; 1958; 489.500; 12.086
values_941; 162; 3266; 816.500; 20.160
values_942; 165; 4003; 1000.750; 24.260
values_943; 162; 3920; 980.000; 24.197
values_944; 162; 3920; 980.000; 24.197
values_945; 165; 2041; 510.250; 12.369
values_946; 162; 1958; 489.500; 12.086
values_947; 165; 2041; 510.250; 12.369
values_948; 165; 4003; 1000.750; 24.260
values_949; 165; 2041; 510.250; 12.369
values_95; 162; 2040; 510.000; 12.592
values_950; 162; 1958; 489.500; 12.086
values_951; 164; 2612; 653.000; 15.926
values_952; 162; 1958; 489.500; 12.086
values_953; 166; 1958; 489.500; 11.795
values_954; 164; 2612; 653.000; 15.926
values_955; 166; 1958; 489.500; 11.795
values_956; 164; 3266; 816.500; 19.914
values_957; 162; 3266; 816.500; 20.160
values_958; 169; 2041; 510.250; 12.076
values_959; 165; 3349; 837.250; 20.296
values_96; 165; 2123; 530.750; 12.866
values_960; 162; 1958; 489.500; 12.086
values_961; 165; 2779; 694.750; 16.842
values_962; 165; 3517; 879.250; 21.315
values_963; 165; 2779; 694.750; 16.842
values_964; 162; 1958; 489.500; 12.086
values_965; 162; 3434; 858.500; 21.197
values_966; 165; 3517; 879.250; 21.315
values_967; 162; 2696; 674.000; 16.641
values_968; 162; 7124; 1781.000; 43.975
values_969; 162; 1958; 489.500; 12.086
values_97; 162; 2040; 510.000; 12.592
values_970; 165; 2041; 510.250; 12.369
values_971; 162; 3920; 980.000; 24.197
values_972; 165; 2041; 510.250; 12.369
values_973; 165; 2041; 510.250; 12.369
values_974; 165; 2041; 510.250; 12.369
values_975; 165; 2041; 510.250; 12.369
values_976; 165; 2041; 510.250; 12.369
values_977; 165; 2041; 510.250; 12.369
values_978; 162; 2612; 653.000; 16.123
values_979; 162; 1958; 489.500; 12.086
values_98; 162; 2040; 510.000; 12.592
values_980; 162; 1958; 489.500; 12.086
values_981; 165; 2041; 510.250; 12.369
values_982; 162; 1958; 489.500; 12.086
values_983; 162; 1958; 489.500; 12.086
values_984; 162; 1958; 489.500; 12.086
values_985; 165; 2041; 510.250; 12.369
values_986; 162; 1958; 489.500; 12.086
values_987; 165; 2041; 510.250; 12.369
values_988; 165; 2041; 510.250; 12.369
values_989; 162; 1958; 489.500; 12.086
values_99; 165; 2861; 715.250; 17.339
values_990; 162; 2778; 694.500; 17.148
values_991; 165; 2123; 530.750; 12.866
values_992; 165; 2123; 530.750; 12.866
values_993; 162; 2040; 510.000; 12.592
values_994; 165; 2861; 715.250; 17.339
values_995; 162; 4254; 1063.500; 26.259
values_996; 162; 8682; 2170.500; 53.592
values_997; 162; 4992; 1248.000; 30.814
values_998; 162; 2040; 510.000; 12.592
values_999; 162; 2040; 510.000; 12.592
