Incite; Executed C Instr; Clock Cycle Effective; Execution Time; CC4CS;
values_00; 98; 846; 211.500; 8.632
values_01; 101; 912; 228.000; 9.029
values_02; 98; 846; 211.500; 8.632
values_03; 101; 912; 228.000; 9.029
values_04; 101; 912; 228.000; 9.029
values_05; 98; 846; 211.500; 8.632
values_06; 98; 846; 211.500; 8.632
values_07; 98; 846; 211.500; 8.632
values_08; 98; 846; 211.500; 8.632
values_09; 101; 912; 228.000; 9.029
values_10; 165; 1750; 437.500; 10.606
values_100; 153; 1628; 407.000; 10.640
values_101; 155; 1660; 415.000; 10.709
values_102; 147; 1474; 368.500; 10.027
values_103; 150; 1551; 387.750; 10.340
values_104; 152; 1606; 401.500; 10.565
values_105; 155; 1660; 415.000; 10.709
values_106; 150; 1551; 387.750; 10.340
values_107; 152; 1583; 395.750; 10.414
values_108; 155; 1660; 415.000; 10.709
values_109; 155; 1660; 415.000; 10.709
values_11; 165; 1750; 437.500; 10.606
values_110; 231; 2617; 654.250; 11.329
values_111; 294; 3508; 877.000; 11.931
values_112; 227; 2518; 629.500; 11.092
values_113; 354; 4321; 1080.250; 12.206
values_114; 230; 2595; 648.750; 11.282
values_115; 231; 2617; 654.250; 11.329
values_116; 294; 3508; 877.000; 11.931
values_117; 228; 2540; 635.000; 11.140
values_118; 298; 3523; 880.750; 11.822
values_119; 291; 3458; 864.500; 11.883
values_12; 165; 1750; 437.500; 10.606
values_120; 291; 3291; 822.750; 11.309
values_121; 291; 3291; 822.750; 11.309
values_122; 227; 2448; 612.000; 10.784
values_123; 228; 2470; 617.500; 10.833
values_124; 230; 2525; 631.250; 10.978
values_125; 291; 3291; 822.750; 11.309
values_126; 295; 3318; 829.500; 11.247
values_127; 228; 2470; 617.500; 10.833
values_128; 298; 3395; 848.750; 11.392
values_129; 294; 3368; 842.000; 11.455
values_13; 162; 1684; 421.000; 10.395
values_130; 294; 3508; 877.000; 11.931
values_131; 231; 2617; 654.250; 11.329
values_132; 294; 3508; 877.000; 11.931
values_133; 295; 3446; 861.500; 11.681
values_134; 351; 4244; 1061.000; 12.091
values_135; 354; 4321; 1080.250; 12.206
values_136; 351; 4202; 1050.500; 11.971
values_137; 301; 3600; 900.000; 11.960
values_138; 354; 4279; 1069.750; 12.087
values_139; 228; 2540; 635.000; 11.140
values_14; 165; 1750; 437.500; 10.606
values_140; 227; 2448; 612.000; 10.784
values_141; 228; 2470; 617.500; 10.833
values_142; 298; 3438; 859.500; 11.536
values_143; 298; 3438; 859.500; 11.536
values_144; 225; 2393; 598.250; 10.635
values_145; 225; 2393; 598.250; 10.635
values_146; 230; 2525; 631.250; 10.978
values_147; 228; 2470; 617.500; 10.833
values_148; 225; 2393; 598.250; 10.635
values_149; 352; 3985; 996.250; 11.321
values_15; 165; 1750; 437.500; 10.606
values_150; 351; 4244; 1061.000; 12.091
values_151; 228; 2540; 635.000; 11.140
values_152; 231; 2617; 654.250; 11.329
values_153; 298; 3523; 880.750; 11.822
values_154; 298; 3523; 880.750; 11.822
values_155; 295; 3458; 864.500; 11.722
values_156; 225; 2463; 615.750; 10.946
values_157; 351; 4202; 1050.500; 11.971
values_158; 233; 2672; 668.000; 11.467
values_159; 297; 3585; 896.250; 12.070
values_16; 162; 1684; 421.000; 10.395
values_160; 229; 2463; 615.750; 10.755
values_161; 232; 2540; 635.000; 10.948
values_162; 229; 2463; 615.750; 10.755
values_163; 369; 4244; 1061.000; 11.501
values_164; 301; 3585; 896.250; 11.910
values_165; 302; 3508; 877.000; 11.615
values_166; 230; 2572; 643.000; 11.182
values_167; 230; 2595; 648.750; 11.282
values_168; 232; 2540; 635.000; 10.948
values_169; 228; 2540; 635.000; 11.140
values_17; 165; 1750; 437.500; 10.606
values_170; 291; 3431; 857.750; 11.790
values_171; 297; 3612; 903.000; 12.161
values_172; 297; 3612; 903.000; 12.161
values_173; 227; 2518; 629.500; 11.092
values_174; 291; 3431; 857.750; 11.790
values_175; 230; 2595; 648.750; 11.282
values_176; 351; 4244; 1061.000; 12.091
values_177; 225; 2463; 615.750; 10.946
values_178; 230; 2595; 648.750; 11.282
values_179; 230; 2595; 648.750; 11.282
values_18; 162; 1684; 421.000; 10.395
values_180; 228; 2540; 635.000; 11.140
values_181; 230; 2595; 648.750; 11.282
values_182; 294; 3508; 877.000; 11.931
values_183; 231; 2617; 654.250; 11.329
values_184; 228; 2540; 635.000; 11.140
values_185; 351; 4244; 1061.000; 12.091
values_186; 233; 2672; 668.000; 11.467
values_187; 228; 2540; 635.000; 11.140
values_188; 297; 3612; 903.000; 12.161
values_189; 294; 3508; 877.000; 11.931
values_19; 162; 1684; 421.000; 10.395
values_190; 301; 3600; 900.000; 11.960
values_191; 228; 2540; 635.000; 11.140
values_192; 302; 3535; 883.750; 11.705
values_193; 233; 2672; 668.000; 11.467
values_194; 299; 3446; 861.500; 11.525
values_195; 225; 2463; 615.750; 10.946
values_196; 231; 2617; 654.250; 11.329
values_197; 228; 2540; 635.000; 11.140
values_198; 295; 3446; 861.500; 11.681
values_199; 294; 3360; 840.000; 11.428
values_20; 165; 1680; 420.000; 10.181
values_200; 3508; 58659; 14664.750; 16.721
values_201; 3494; 58232; 14558.000; 16.666
values_202; 3585; 60502; 15125.500; 16.876
values_203; 3499; 58223; 14555.750; 16.639
values_204; 3466; 57745; 14436.250; 16.660
values_205; 3509; 58506; 14626.500; 16.673
values_206; 3511; 58760; 14690.000; 16.735
values_207; 3536; 59261; 14815.250; 16.759
values_208; 3505; 58536; 14634.000; 16.700
values_209; 3514; 58716; 14679.000; 16.709
values_21; 165; 1680; 420.000; 10.181
values_210; 14272; 190351; 47587.750; 13.337
values_211; 14512; 187731; 46932.750; 12.936
values_212; 14999; 196164; 49041.000; 13.078
values_213; 13411; 174395; 43598.750; 13.003
values_214; 14825; 194942; 48735.500; 13.149
values_215; 15030; 194974; 48743.500; 12.972
values_216; 14954; 193135; 48283.750; 12.915
values_217; 13564; 179277; 44819.250; 13.217
values_218; 13431; 177180; 44295.000; 13.191
values_219; 13005; 169347; 42336.750; 13.021
values_22; 162; 1614; 403.500; 9.962
values_220; 4334; 69669; 17417.250; 16.074
values_221; 8856; 121989; 30497.250; 13.774
values_222; 8358; 118162; 29540.500; 14.137
values_223; 7019; 102291; 25572.750; 14.573
values_224; 10438; 142306; 35576.500; 13.633
values_225; 9322; 130785; 32696.250; 14.029
values_226; 6226; 94848; 23712.000; 15.234
values_227; 11163; 149382; 37345.500; 13.381
values_228; 8644; 121568; 30392.000; 14.063
values_229; 5678; 87501; 21875.250; 15.410
values_23; 165; 1680; 420.000; 10.181
values_230; 15006; 194295; 48573.750; 12.947
values_231; 14663; 194267; 48566.750; 13.248
values_232; 14051; 186222; 46555.500; 13.253
values_233; 12973; 169818; 42454.500; 13.090
values_234; 16811; 218712; 54678.000; 13.010
values_235; 13636; 181353; 45338.250; 13.299
values_236; 14349; 186904; 46726.000; 13.025
values_237; 14521; 190890; 47722.500; 13.145
values_238; 15277; 200268; 50067.000; 13.109
values_239; 13190; 172273; 43068.250; 13.060
values_24; 162; 1614; 403.500; 9.962
values_240; 5053; 79098; 19774.500; 15.653
values_241; 7945; 113224; 28306.000; 14.250
values_242; 6151; 91304; 22826.000; 14.843
values_243; 8139; 113856; 28464.000; 13.988
values_244; 10596; 146730; 36682.500; 13.847
values_245; 8375; 118181; 29545.250; 14.111
values_246; 4599; 72397; 18099.250; 15.741
values_247; 6599; 96573; 24143.250; 14.634
values_248; 8887; 123991; 30997.750; 13.951
values_249; 10344; 140985; 35246.250; 13.629
values_25; 165; 1680; 420.000; 10.181
values_250; 18426; 239778; 59944.500; 13.013
values_251; 13208; 172524; 43131.000; 13.062
values_252; 13920; 180718; 45179.500; 12.982
values_253; 14048; 184131; 46032.750; 13.107
values_254; 15469; 196081; 49020.250; 12.675
values_255; 14319; 184831; 46207.750; 12.908
values_256; 14853; 189474; 47368.500; 12.756
values_257; 13300; 172661; 43165.250; 12.982
values_258; 14672; 185123; 46280.750; 12.617
values_259; 13124; 174844; 43711.000; 13.322
values_26; 162; 1614; 403.500; 9.962
values_260; 15337; 201243; 50310.750; 13.121
values_261; 15074; 191288; 47822.000; 12.689
values_262; 15367; 194046; 48511.500; 12.627
values_263; 12181; 159785; 39946.250; 13.117
values_264; 16052; 201837; 50459.250; 12.573
values_265; 11989; 157209; 39302.250; 13.112
values_266; 14840; 186216; 46554.000; 12.548
values_267; 17043; 220971; 55242.750; 12.965
values_268; 16413; 212693; 53173.250; 12.958
values_269; 14001; 190419; 47604.750; 13.600
values_27; 165; 1680; 420.000; 10.181
values_270; 14908; 193913; 48478.250; 13.007
values_271; 15762; 216211; 54052.750; 13.717
values_272; 14084; 191808; 47952.000; 13.618
values_273; 10147; 138330; 34582.500; 13.632
values_274; 13832; 183921; 45980.250; 13.296
values_275; 17126; 221673; 55418.250; 12.943
values_276; 15813; 201687; 50421.750; 12.754
values_277; 17837; 225475; 56368.750; 12.640
values_278; 10536; 146386; 36596.500; 13.893
values_279; 13527; 176474; 44118.500; 13.046
values_28; 165; 1680; 420.000; 10.181
values_280; 12565; 160726; 40181.500; 12.791
values_281; 15235; 174804; 43701.000; 11.473
values_282; 13612; 177655; 44413.750; 13.051
values_283; 12597; 160267; 40066.750; 12.722
values_284; 14798; 198354; 49588.500; 13.404
values_285; 13882; 181302; 45325.500; 13.060
values_286; 12679; 182886; 45721.500; 14.424
values_287; 14250; 178173; 44543.250; 12.503
values_288; 13108; 179812; 44953.000; 13.717
values_289; 14131; 187564; 46891.000; 13.273
values_29; 165; 1680; 420.000; 10.181
values_290; 14446; 193426; 48356.500; 13.389
values_291; 13488; 180390; 45097.500; 13.374
values_292; 11913; 159590; 39897.500; 13.396
values_293; 18632; 243881; 60970.250; 13.089
values_294; 14718; 188233; 47058.250; 12.789
values_295; 11787; 155157; 38789.250; 13.163
values_296; 18270; 233355; 58338.750; 12.772
values_297; 13240; 175611; 43902.750; 13.263
values_298; 14549; 189752; 47438.000; 13.042
values_299; 15941; 204853; 51213.250; 12.850
values_30; 162; 1684; 421.000; 10.395
values_300; 774; 11955; 2988.750; 15.445
values_301; 790; 12421; 3105.250; 15.722
values_302; 768; 11831; 2957.750; 15.404
values_303; 772; 11919; 2979.750; 15.439
values_304; 754; 11520; 2880.000; 15.278
values_305; 766; 11741; 2935.250; 15.327
values_306; 774; 11944; 2986.000; 15.431
values_307; 754; 11466; 2866.500; 15.206
values_308; 752; 11376; 2844.000; 15.127
values_309; 765; 11742; 2935.500; 15.349
values_31; 165; 1750; 437.500; 10.606
values_310; 2578; 34185; 8546.250; 13.260
values_311; 1965; 26811; 6702.750; 13.644
values_312; 1700; 23253; 5813.250; 13.678
values_313; 2415; 31411; 7852.750; 13.006
values_314; 2325; 30948; 7737.000; 13.310
values_315; 1419; 19459; 4864.750; 13.713
values_316; 1443; 20091; 5022.750; 13.923
values_317; 3054; 40518; 10129.500; 13.267
values_318; 1714; 23597; 5899.250; 13.767
values_319; 1828; 24745; 6186.250; 13.536
values_32; 116; 1149; 287.250; 9.905
values_320; 1216; 18123; 4530.750; 14.903
values_321; 1293; 18491; 4622.750; 14.300
values_322; 1556; 22252; 5563.000; 14.300
values_323; 1451; 21098; 5274.500; 14.540
values_324; 1450; 20870; 5217.500; 14.393
values_325; 1307; 19001; 4750.250; 14.537
values_326; 1308; 19012; 4753.000; 14.535
values_327; 1789; 24829; 6207.250; 13.878
values_328; 906; 13596; 3399.000; 15.006
values_329; 1571; 22338; 5584.500; 14.218
values_33; 162; 1684; 421.000; 10.395
values_330; 1556; 21532; 5383.000; 13.838
values_331; 2488; 30482; 7620.500; 12.251
values_332; 2371; 32038; 8009.500; 13.512
values_333; 1575; 21663; 5415.750; 13.754
values_334; 1713; 25167; 6291.750; 14.691
values_335; 1664; 22594; 5648.500; 13.578
values_336; 2349; 29965; 7491.250; 12.756
values_337; 1173; 16584; 4146.000; 14.138
values_338; 2215; 29550; 7387.500; 13.340
values_339; 1682; 22795; 5698.750; 13.552
values_34; 165; 1750; 437.500; 10.606
values_340; 1543; 21270; 5317.500; 13.784
values_341; 1425; 20058; 5014.500; 14.075
values_342; 1075; 16110; 4027.500; 14.986
values_343; 1821; 24466; 6116.500; 13.435
values_344; 1955; 25733; 6433.250; 13.162
values_345; 1318; 19094; 4773.500; 14.487
values_346; 963; 15181; 3795.250; 15.764
values_347; 1644; 22386; 5596.500; 13.616
values_348; 1173; 16668; 4167.000; 14.209
values_349; 1431; 19822; 4955.500; 13.851
values_35; 162; 1684; 421.000; 10.395
values_350; 1694; 23589; 5897.250; 13.925
values_351; 1645; 22370; 5592.500; 13.598
values_352; 2200; 34423; 8605.750; 15.646
values_353; 1806; 24788; 6197.000; 13.725
values_354; 1584; 21943; 5485.750; 13.852
values_355; 1829; 25027; 6256.750; 13.683
values_356; 2190; 26551; 6637.750; 12.123
values_357; 2378; 32470; 8117.500; 13.654
values_358; 1814; 24983; 6245.750; 13.772
values_359; 2102; 28433; 7108.250; 13.526
values_36; 162; 1684; 421.000; 10.395
values_360; 1551; 21219; 5304.750; 13.680
values_361; 2194; 31498; 7874.500; 14.356
values_362; 2597; 32695; 8173.750; 12.589
values_363; 1311; 18339; 4584.750; 13.988
values_364; 2344; 33050; 8262.500; 14.099
values_365; 2738; 33362; 8340.500; 12.184
values_366; 1178; 16639; 4159.750; 14.124
values_367; 1936; 24882; 6220.500; 12.852
values_368; 1692; 23055; 5763.750; 13.625
values_369; 2074; 29320; 7330.000; 14.136
values_37; 162; 1684; 421.000; 10.395
values_370; 2582; 34677; 8669.250; 13.430
values_371; 1595; 22028; 5507.000; 13.810
values_372; 1985; 26591; 6647.750; 13.395
values_373; 2812; 36562; 9140.500; 13.002
values_374; 2681; 35884; 8971.000; 13.384
values_375; 2715; 35354; 8838.500; 13.021
values_376; 1933; 26890; 6722.500; 13.911
values_377; 2209; 30078; 7519.500; 13.616
values_378; 2080; 29142; 7285.500; 14.010
values_379; 2217; 31217; 7804.250; 14.080
values_38; 162; 1684; 421.000; 10.395
values_380; 2349; 32499; 8124.750; 13.835
values_381; 2336; 29431; 7357.750; 12.598
values_382; 1682; 23111; 5777.750; 13.740
values_383; 1687; 22711; 5677.750; 13.462
values_384; 2448; 32165; 8041.250; 13.139
values_385; 1936; 26077; 6519.250; 13.469
values_386; 1960; 27073; 6768.250; 13.812
values_387; 1160; 16415; 4103.750; 14.150
values_388; 1686; 23214; 5803.500; 13.768
values_389; 1564; 21678; 5419.500; 13.860
values_39; 165; 1750; 437.500; 10.606
values_390; 2324; 31732; 7933.000; 13.654
values_391; 2075; 29693; 7423.250; 14.309
values_392; 1950; 27329; 6832.250; 14.014
values_393; 1165; 16328; 4082.000; 14.015
values_394; 2186; 30535; 7633.750; 13.968
values_395; 1582; 21929; 5482.250; 13.861
values_396; 1961; 25092; 6273.000; 12.795
values_397; 2580; 33901; 8475.250; 13.139
values_398; 1842; 24353; 6088.250; 13.220
values_399; 1745; 25602; 6400.500; 14.671
values_40; 162; 1614; 403.500; 9.962
values_400; 754; 11520; 2880.000; 15.278
values_401; 753; 11456; 2864.000; 15.213
values_402; 779; 12053; 3013.250; 15.472
values_403; 779; 12053; 3013.250; 15.472
values_404; 784; 12259; 3064.750; 15.636
values_405; 765; 11742; 2935.500; 15.349
values_406; 779; 12172; 3043.000; 15.625
values_407; 778; 12108; 3027.000; 15.562
values_408; 782; 12234; 3058.500; 15.644
values_409; 787; 12294; 3073.500; 15.621
values_41; 112; 1020; 255.000; 9.107
values_410; 2836; 39528; 9882.000; 13.937
values_411; 2252; 29970; 7492.500; 13.308
values_412; 2286; 30512; 7628.000; 13.347
values_413; 2044; 27574; 6893.500; 13.490
values_414; 1565; 21274; 5318.500; 13.593
values_415; 2359; 31120; 7780.000; 13.192
values_416; 2572; 35013; 8753.250; 13.613
values_417; 1196; 16974; 4243.500; 14.192
values_418; 1927; 25490; 6372.500; 13.227
values_419; 1424; 19706; 4926.500; 13.838
values_42; 162; 1614; 403.500; 9.962
values_420; 1572; 22745; 5686.250; 14.468
values_421; 1232; 18778; 4694.500; 15.241
values_422; 1074; 16193; 4048.250; 15.077
values_423; 1782; 24758; 6189.500; 13.893
values_424; 1092; 16767; 4191.750; 15.354
values_425; 927; 14041; 3510.250; 15.146
values_426; 1130; 15890; 3972.500; 14.061
values_427; 1338; 19595; 4898.750; 14.644
values_428; 1233; 18638; 4659.500; 15.115
values_429; 941; 14471; 3617.750; 15.378
values_43; 165; 1680; 420.000; 10.181
values_430; 1681; 22941; 5735.250; 13.647
values_431; 1434; 19901; 4975.250; 13.877
values_432; 1733; 23865; 5966.250; 13.770
values_433; 1957; 26726; 6681.500; 13.656
values_434; 2200; 29967; 7491.750; 13.621
values_435; 1684; 23136; 5784.000; 13.738
values_436; 1574; 21598; 5399.500; 13.721
values_437; 1807; 24414; 6103.500; 13.510
values_438; 2426; 32379; 8094.750; 13.346
values_439; 1966; 26920; 6730.000; 13.692
values_44; 165; 1680; 420.000; 10.181
values_440; 908; 13697; 3424.250; 15.084
values_441; 1792; 24536; 6134.000; 13.691
values_442; 1285; 18508; 4627.000; 14.403
values_443; 1432; 19733; 4933.250; 13.780
values_444; 1800; 24018; 6004.500; 13.343
values_445; 1811; 24556; 6139.000; 13.559
values_446; 1033; 15068; 3767.000; 14.586
values_447; 1165; 17176; 4294.000; 14.743
values_448; 1437; 20009; 5002.250; 13.924
values_449; 1067; 15918; 3979.500; 14.918
values_45; 165; 1680; 420.000; 10.181
values_450; 2197; 27822; 6955.500; 12.663
values_451; 1432; 19857; 4964.250; 13.866
values_452; 1839; 25363; 6340.750; 13.791
values_453; 1345; 19141; 4785.250; 14.231
values_454; 2209; 30093; 7523.250; 13.622
values_455; 1311; 18337; 4584.250; 13.987
values_456; 1941; 26097; 6524.250; 13.445
values_457; 2051; 28066; 7016.500; 13.684
values_458; 1055; 15089; 3772.250; 14.302
values_459; 1941; 25904; 6476.000; 13.345
values_46; 165; 1680; 420.000; 10.181
values_460; 1718; 23207; 5801.750; 13.508
values_461; 1303; 18266; 4566.500; 14.018
values_462; 1826; 25058; 6264.500; 13.722
values_463; 2229; 27831; 6957.750; 12.485
values_464; 1564; 21603; 5400.750; 13.812
values_465; 1315; 18316; 4579.000; 13.928
values_466; 2173; 32636; 8159.000; 15.018
values_467; 2288; 32641; 8160.250; 14.266
values_468; 1955; 26722; 6680.500; 13.668
values_469; 2078; 27917; 6979.250; 13.434
values_47; 165; 1680; 420.000; 10.181
values_470; 1955; 27307; 6826.750; 13.967
values_471; 2336; 36424; 9106.000; 15.592
values_472; 1818; 25151; 6287.750; 13.834
values_473; 1679; 24884; 6221.000; 14.820
values_474; 1044; 14921; 3730.250; 14.292
values_475; 1948; 27532; 6883.000; 14.133
values_476; 2597; 37653; 9413.250; 14.498
values_477; 1930; 31187; 7796.750; 16.159
values_478; 1942; 27647; 6911.750; 14.236
values_479; 1954; 28287; 7071.750; 14.476
values_48; 162; 1614; 403.500; 9.962
values_480; 1172; 16584; 4146.000; 14.150
values_481; 1587; 21846; 5461.500; 13.765
values_482; 1044; 14858; 3714.500; 14.231
values_483; 1333; 18806; 4701.500; 14.108
values_484; 1553; 21881; 5470.250; 14.089
values_485; 1552; 21145; 5286.250; 13.624
values_486; 1948; 27222; 6805.500; 13.974
values_487; 1944; 26152; 6538.000; 13.452
values_488; 2558; 34294; 8573.500; 13.406
values_489; 2046; 29087; 7271.750; 14.216
values_49; 165; 1680; 420.000; 10.181
values_490; 1170; 16501; 4125.250; 14.103
values_491; 1684; 22288; 5572.000; 13.235
values_492; 1170; 16430; 4107.500; 14.042
values_493; 1954; 28269; 7067.250; 14.467
values_494; 2032; 27500; 6875.000; 13.533
values_495; 2337; 31196; 7799.000; 13.348
values_496; 920; 13296; 3324.000; 14.452
values_497; 1837; 24840; 6210.000; 13.522
values_498; 1560; 21302; 5325.500; 13.655
values_499; 1575; 21620; 5405.000; 13.726
values_50; 165; 1750; 437.500; 10.606
values_500; 2638; 47271; 11817.750; 17.919
values_501; 2662; 47913; 11978.250; 17.998
values_502; 2642; 47317; 11829.250; 17.909
values_503; 2625; 46919; 11729.750; 17.873
values_504; 2630; 46963; 11740.750; 17.856
values_505; 2616; 46559; 11639.750; 17.797
values_506; 2675; 48265; 12066.250; 18.042
values_507; 2655; 47699; 11924.750; 17.965
values_508; 2639; 47209; 11802.250; 17.888
values_509; 2616; 46739; 11684.750; 17.866
values_51; 162; 1684; 421.000; 10.395
values_510; 8653; 123803; 30950.750; 14.307
values_511; 9555; 133858; 33464.500; 14.009
values_512; 10263; 143280; 35820.000; 13.960
values_513; 10116; 142931; 35732.750; 14.129
values_514; 9117; 128568; 32142.000; 14.102
values_515; 8737; 124264; 31066.000; 14.222
values_516; 9590; 135037; 33759.250; 14.081
values_517; 9569; 133129; 33282.250; 13.912
values_518; 11407; 160073; 40018.250; 14.032
values_519; 9224; 132308; 33077.000; 14.343
values_52; 165; 1750; 437.500; 10.606
values_520; 4997; 79353; 19838.250; 15.880
values_521; 6863; 103284; 25821.000; 15.049
values_522; 6786; 99552; 24888.000; 14.670
values_523; 8034; 117131; 29282.750; 14.579
values_524; 4147; 66361; 16590.250; 16.002
values_525; 3199; 55831; 13957.750; 17.452
values_526; 5082; 80358; 20089.500; 15.812
values_527; 3671; 60424; 15106.000; 16.459
values_528; 3151; 54377; 13594.250; 17.257
values_529; 3607; 60411; 15102.750; 16.748
values_53; 162; 1684; 421.000; 10.395
values_530; 10779; 146478; 36619.500; 13.589
values_531; 8261; 117933; 29483.250; 14.275
values_532; 10633; 147168; 36792.000; 13.840
values_533; 10869; 150811; 37702.750; 13.875
values_534; 9382; 132000; 33000.000; 14.069
values_535; 10322; 144432; 36108.000; 13.992
values_536; 11174; 159226; 39806.500; 14.249
values_537; 10608; 147931; 36982.750; 13.945
values_538; 11832; 161073; 40268.250; 13.613
values_539; 10428; 145568; 36392.000; 13.959
values_54; 165; 1750; 437.500; 10.606
values_540; 3958; 64742; 16185.500; 16.357
values_541; 5006; 79737; 19934.250; 15.928
values_542; 8378; 119500; 29875.000; 14.263
values_543; 5437; 83970; 20992.500; 15.444
values_544; 6954; 104471; 26117.750; 15.023
values_545; 7858; 114257; 28564.250; 14.540
values_546; 4459; 72130; 18032.500; 16.176
values_547; 6089; 92300; 23075.000; 15.158
values_548; 7544; 109357; 27339.250; 14.495
values_549; 7297; 110140; 27535.000; 15.093
values_55; 165; 1750; 437.500; 10.606
values_550; 10032; 141150; 35287.500; 14.069
values_551; 9005; 126886; 31721.500; 14.090
values_552; 9603; 133081; 33270.250; 13.858
values_553; 9077; 126676; 31669.000; 13.955
values_554; 10859; 153597; 38399.250; 14.144
values_555; 9523; 134919; 33729.750; 14.167
values_556; 10409; 146827; 36706.750; 14.105
values_557; 10906; 145378; 36344.500; 13.330
values_558; 9289; 123808; 30952.000; 13.328
values_559; 9528; 133171; 33292.750; 13.976
values_56; 165; 1750; 437.500; 10.606
values_560; 9418; 128769; 32192.250; 13.672
values_561; 11394; 155382; 38845.500; 13.637
values_562; 9574; 127452; 31863.000; 13.312
values_563; 9469; 140744; 35186.000; 14.863
values_564; 8503; 117924; 29481.000; 13.868
values_565; 11035; 154664; 38666.000; 14.015
values_566; 10454; 142461; 35615.250; 13.627
values_567; 9337; 122889; 30722.250; 13.161
values_568; 11279; 156265; 39066.250; 13.854
values_569; 10476; 139612; 34903.000; 13.326
values_57; 165; 1750; 437.500; 10.606
values_570; 10183; 140808; 35202.000; 13.827
values_571; 10712; 151758; 37939.500; 14.167
values_572; 9622; 147521; 36880.250; 15.331
values_573; 11244; 156394; 39098.500; 13.909
values_574; 9624; 139587; 34896.750; 14.504
values_575; 5299; 79309; 19827.250; 14.966
values_576; 10179; 141542; 35385.500; 13.905
values_577; 13422; 170538; 42634.500; 12.705
values_578; 10401; 136771; 34192.750; 13.149
values_579; 8707; 124256; 31064.000; 14.270
values_58; 165; 1750; 437.500; 10.606
values_580; 11715; 160810; 40202.500; 13.726
values_581; 8746; 134889; 33722.250; 15.422
values_582; 9421; 136614; 34153.500; 14.501
values_583; 9162; 130107; 32526.750; 14.200
values_584; 8235; 115875; 28968.750; 14.071
values_585; 7991; 112032; 28008.000; 14.019
values_586; 9334; 147434; 36858.500; 15.795
values_587; 9589; 141177; 35294.250; 14.722
values_588; 9239; 143442; 35860.500; 15.525
values_589; 9570; 140924; 35231.000; 14.725
values_59; 165; 1750; 437.500; 10.606
values_590; 7878; 114516; 28629.000; 14.536
values_591; 8869; 126078; 31519.500; 14.215
values_592; 10857; 152136; 38034.000; 14.012
values_593; 12350; 176567; 44141.750; 14.296
values_594; 11253; 156190; 39047.500; 13.879
values_595; 10027; 139461; 34865.250; 13.908
values_596; 9666; 131184; 32796.000; 13.571
values_597; 10898; 153407; 38351.750; 14.076
values_598; 8978; 125971; 31492.750; 14.031
values_599; 11942; 164011; 41002.750; 13.733
values_60; 169; 1750; 437.500; 10.355
values_600; 2869; 47155; 11788.750; 16.436
values_601; 2921; 48363; 12090.750; 16.557
values_602; 2933; 48818; 12204.500; 16.644
values_603; 2928; 48645; 12161.250; 16.613
values_604; 2885; 47517; 11879.250; 16.470
values_605; 2902; 48082; 12020.500; 16.568
values_606; 2930; 48632; 12158.000; 16.597
values_607; 2945; 48880; 12220.000; 16.597
values_608; 2907; 48073; 12018.250; 16.536
values_609; 2871; 47290; 11822.500; 16.471
values_61; 169; 1750; 437.500; 10.355
values_610; 10143; 132757; 33189.250; 13.088
values_611; 12207; 158008; 39502.000; 12.944
values_612; 10894; 144205; 36051.250; 13.237
values_613; 12219; 159214; 39803.500; 13.030
values_614; 11803; 153555; 38388.750; 13.009
values_615; 12673; 162099; 40524.750; 12.790
values_616; 10723; 131731; 32932.750; 12.284
values_617; 10850; 144241; 36060.250; 13.294
values_618; 12459; 161414; 40353.500; 12.955
values_619; 10637; 140501; 35125.250; 13.208
values_62; 166; 1684; 421.000; 10.144
values_620; 6013; 86350; 21587.500; 14.360
values_621; 5486; 78779; 19694.750; 14.360
values_622; 6859; 97265; 24316.250; 14.180
values_623; 4856; 72032; 18008.000; 14.833
values_624; 4147; 64085; 16021.250; 15.453
values_625; 7619; 106865; 26716.250; 14.026
values_626; 4477; 69825; 17456.250; 15.596
values_627; 5553; 81251; 20312.750; 14.631
values_628; 6969; 99803; 24950.750; 14.320
values_629; 7528; 103786; 25946.500; 13.786
values_63; 166; 1684; 421.000; 10.144
values_630; 11708; 151601; 37900.250; 12.948
values_631; 10113; 131888; 32972.000; 13.041
values_632; 12979; 168775; 42193.750; 13.003
values_633; 11993; 155523; 38880.750; 12.967
values_634; 11052; 145087; 36271.750; 13.127
values_635; 12170; 158448; 39612.000; 13.019
values_636; 10666; 140300; 35075.000; 13.153
values_637; 11020; 142659; 35664.750; 12.945
values_638; 12726; 164879; 41219.750; 12.956
values_639; 8169; 110800; 27700.000; 13.563
values_64; 169; 1750; 437.500; 10.355
values_640; 6601; 93642; 23410.500; 14.186
values_641; 6255; 90818; 22704.500; 14.519
values_642; 9632; 128563; 32140.750; 13.347
values_643; 3657; 57175; 14293.750; 15.634
values_644; 5423; 79546; 19886.500; 14.668
values_645; 4191; 64587; 16146.750; 15.410
values_646; 7295; 99220; 24805.000; 13.601
values_647; 8298; 113024; 28256.000; 13.620
values_648; 8105; 112396; 28099.000; 13.867
values_649; 8281; 112191; 28047.750; 13.548
values_65; 169; 1750; 437.500; 10.355
values_650; 11307; 143791; 35947.750; 12.716
values_651; 11692; 146260; 36565.000; 12.509
values_652; 12204; 152122; 38030.500; 12.464
values_653; 10987; 145198; 36299.500; 13.215
values_654; 14983; 179140; 44785.000; 11.956
values_655; 11096; 145307; 36326.750; 13.095
values_656; 12976; 168554; 42138.500; 12.989
values_657; 9499; 124051; 31012.750; 13.059
values_658; 11873; 154160; 38540.000; 12.984
values_659; 11227; 145689; 36422.250; 12.976
values_66; 166; 1684; 421.000; 10.144
values_660; 9893; 127694; 31923.500; 12.907
values_661; 11689; 149460; 37365.000; 12.786
values_662; 10612; 140430; 35107.500; 13.233
values_663; 12931; 168366; 42091.500; 13.020
values_664; 12047; 144102; 36025.500; 11.961
values_665; 12945; 156548; 39137.000; 12.093
values_666; 10801; 136567; 34141.750; 12.643
values_667; 9671; 123575; 30893.750; 12.777
values_668; 7790; 103020; 25755.000; 13.224
values_669; 10581; 140417; 35104.250; 13.270
values_67; 166; 1684; 421.000; 10.144
values_670; 12094; 156489; 39122.250; 12.939
values_671; 11457; 149679; 37419.750; 13.064
values_672; 12929; 160949; 40237.250; 12.448
values_673; 11069; 148136; 37034.000; 13.382
values_674; 12152; 156265; 39066.250; 12.859
values_675; 9793; 121992; 30498.000; 12.457
values_676; 11631; 150012; 37503.000; 12.897
values_677; 11082; 140267; 35066.750; 12.657
values_678; 12045; 156155; 39038.750; 12.964
values_679; 12430; 170011; 42502.750; 13.677
values_68; 169; 1750; 437.500; 10.355
values_680; 10346; 136388; 34097.000; 13.182
values_681; 10597; 130240; 32560.000; 12.290
values_682; 11111; 146388; 36597.000; 13.175
values_683; 10642; 123617; 30904.250; 11.615
values_684; 11607; 148213; 37053.250; 12.769
values_685; 13295; 176910; 44227.500; 13.306
values_686; 11690; 157684; 39421.000; 13.488
values_687; 10207; 133464; 33366.000; 13.075
values_688; 10815; 136680; 34170.000; 12.638
values_689; 11785; 155494; 38873.500; 13.194
values_69; 166; 1684; 421.000; 10.144
values_690; 12715; 160818; 40204.500; 12.647
values_691; 10256; 136206; 34051.500; 13.280
values_692; 9928; 132629; 33157.250; 13.359
values_693; 12098; 157707; 39426.750; 13.035
values_694; 10410; 138093; 34523.250; 13.265
values_695; 12903; 168600; 42150.000; 13.066
values_696; 11284; 146969; 36742.250; 13.024
values_697; 11380; 149345; 37336.250; 13.123
values_698; 10189; 127808; 31952.000; 12.543
values_699; 8987; 121391; 30347.750; 13.507
values_70; 165; 1750; 437.500; 10.606
values_700; 395; 5286; 1321.500; 13.382
values_701; 405; 5570; 1392.500; 13.753
values_702; 390; 5144; 1286.000; 13.189
values_703; 399; 5404; 1351.000; 13.543
values_704; 389; 5145; 1286.250; 13.226
values_705; 397; 5345; 1336.250; 13.463
values_706; 392; 5228; 1307.000; 13.336
values_707; 388; 5135; 1283.750; 13.234
values_708; 382; 4944; 1236.000; 12.942
values_709; 394; 5237; 1309.250; 13.291
values_71; 165; 1750; 437.500; 10.606
values_710; 1091; 13834; 3458.500; 12.680
values_711; 921; 11839; 2959.750; 12.854
values_712; 827; 10679; 2669.750; 12.912
values_713; 807; 10482; 2620.500; 12.988
values_714; 990; 12840; 3210.000; 12.969
values_715; 812; 10489; 2622.250; 12.917
values_716; 1093; 13622; 3405.500; 12.462
values_717; 802; 10097; 2524.250; 12.589
values_718; 907; 11611; 2902.750; 12.801
values_719; 818; 10477; 2619.250; 12.808
values_72; 162; 1684; 421.000; 10.395
values_720; 999; 12731; 3182.750; 12.743
values_721; 606; 7639; 1909.750; 12.605
values_722; 516; 6609; 1652.250; 12.808
values_723; 997; 12518; 3129.500; 12.555
values_724; 702; 8851; 2212.750; 12.608
values_725; 617; 7922; 1980.500; 12.839
values_726; 907; 11687; 2921.750; 12.885
values_727; 798; 10197; 2549.250; 12.778
values_728; 934; 11984; 2996.000; 12.830
values_729; 807; 10243; 2560.750; 12.692
values_73; 162; 1684; 421.000; 10.395
values_730; 1009; 13241; 3310.250; 13.122
values_731; 910; 11963; 2990.750; 13.146
values_732; 520; 6704; 1676.000; 12.892
values_733; 918; 11920; 2980.000; 12.984
values_734; 521; 6714; 1678.500; 12.886
values_735; 1089; 13691; 3422.750; 12.572
values_736; 900; 11447; 2861.750; 12.718
values_737; 816; 10566; 2641.500; 12.948
values_738; 908; 12010; 3002.500; 13.226
values_739; 910; 11676; 2919.000; 12.830
values_74; 165; 1750; 437.500; 10.606
values_740; 616; 8338; 2084.500; 13.535
values_741; 980; 12518; 3129.500; 12.773
values_742; 501; 6684; 1671.000; 13.341
values_743; 1101; 13222; 3305.500; 12.009
values_744; 634; 8661; 2165.250; 13.660
values_745; 697; 8843; 2210.750; 12.687
values_746; 810; 10367; 2591.750; 12.798
values_747; 618; 7924; 1981.000; 12.822
values_748; 601; 7972; 1993.000; 13.264
values_749; 718; 9986; 2496.500; 13.908
values_75; 165; 1750; 437.500; 10.606
values_750; 993; 12898; 3224.500; 12.988
values_751; 811; 10449; 2612.250; 12.884
values_752; 1006; 13010; 3252.500; 12.932
values_753; 808; 10542; 2635.500; 13.047
values_754; 801; 10156; 2539.000; 12.679
values_755; 691; 8650; 2162.500; 12.518
values_756; 1153; 15108; 3777.000; 13.103
values_757; 712; 9145; 2286.250; 12.844
values_758; 798; 10164; 2541.000; 12.736
values_759; 801; 10119; 2529.750; 12.632
values_76; 162; 1684; 421.000; 10.395
values_760; 790; 9982; 2495.500; 12.635
values_761; 900; 12657; 3164.250; 14.063
values_762; 719; 9535; 2383.750; 13.261
values_763; 996; 12643; 3160.750; 12.693
values_764; 801; 10342; 2585.500; 12.911
values_765; 787; 10007; 2501.750; 12.715
values_766; 913; 11668; 2917.000; 12.779
values_767; 706; 9052; 2263.000; 12.821
values_768; 911; 13050; 3262.500; 14.324
values_769; 697; 8799; 2199.750; 12.624
values_77; 165; 1750; 437.500; 10.606
values_770; 1194; 15043; 3760.750; 12.598
values_771; 818; 10452; 2613.000; 12.777
values_772; 711; 9204; 2301.000; 12.945
values_773; 499; 6280; 1570.000; 12.585
values_774; 809; 10435; 2608.750; 12.898
values_775; 608; 7714; 1928.500; 12.687
values_776; 801; 10579; 2644.750; 13.207
values_777; 509; 6564; 1641.000; 12.895
values_778; 613; 7771; 1942.750; 12.676
values_779; 707; 9077; 2269.250; 12.838
values_78; 165; 1750; 437.500; 10.606
values_780; 904; 11419; 2854.750; 12.631
values_781; 1105; 14168; 3542.000; 12.821
values_782; 1024; 13213; 3303.250; 12.903
values_783; 609; 7942; 1985.500; 13.041
values_784; 706; 9078; 2269.500; 12.858
values_785; 605; 7836; 1959.000; 12.952
values_786; 512; 6622; 1655.500; 12.933
values_787; 697; 8996; 2249.000; 12.906
values_788; 997; 13008; 3252.000; 13.047
values_789; 1025; 12843; 3210.750; 12.529
values_79; 162; 1684; 421.000; 10.395
values_790; 508; 6504; 1626.000; 12.803
values_791; 703; 9003; 2250.750; 12.806
values_792; 889; 11300; 2825.000; 12.710
values_793; 724; 9343; 2335.750; 12.904
values_794; 998; 13009; 3252.250; 13.035
values_795; 991; 12899; 3224.750; 13.016
values_796; 616; 8051; 2012.750; 13.069
values_797; 509; 6514; 1628.500; 12.797
values_798; 799; 10348; 2587.000; 12.951
values_799; 906; 11937; 2984.250; 13.175
values_80; 162; 1684; 421.000; 10.395
values_800; 1699; 32116; 8029.000; 18.902
values_801; 1676; 31432; 7858.000; 18.754
values_802; 1632; 30094; 7523.500; 18.439
values_803; 1668; 31215; 7803.750; 18.714
values_804; 1666; 31206; 7801.500; 18.731
values_805; 1672; 31233; 7808.250; 18.680
values_806; 1654; 30822; 7705.500; 18.634
values_807; 1642; 30470; 7617.500; 18.556
values_808; 1678; 31462; 7865.500; 18.749
values_809; 1649; 30677; 7669.250; 18.603
values_81; 165; 1750; 437.500; 10.606
values_810; 6080; 91127; 22781.750; 14.987
values_811; 3300; 52505; 13126.250; 15.910
values_812; 6081; 90836; 22709.000; 14.937
values_813; 6587; 93641; 23410.250; 14.216
values_814; 5186; 79258; 19814.500; 15.283
values_815; 5967; 89243; 22310.750; 14.956
values_816; 5653; 85047; 21261.750; 15.044
values_817; 5853; 88102; 22025.500; 15.052
values_818; 5885; 87873; 21968.250; 14.931
values_819; 5616; 84442; 21110.500; 15.035
values_82; 165; 1750; 437.500; 10.606
values_820; 3129; 51648; 12912.000; 16.506
values_821; 2933; 47535; 11883.750; 16.206
values_822; 4031; 62576; 15644.000; 15.523
values_823; 3574; 58135; 14533.750; 16.266
values_824; 3139; 52009; 13002.250; 16.568
values_825; 3102; 50752; 12688.000; 16.361
values_826; 3075; 48742; 12185.500; 15.851
values_827; 2991; 49815; 12453.750; 16.654
values_828; 3654; 58723; 14680.750; 16.070
values_829; 4065; 63261; 15815.250; 15.562
values_83; 162; 1684; 421.000; 10.395
values_830; 5109; 78501; 19625.250; 15.365
values_831; 5820; 86079; 21519.750; 14.790
values_832; 6197; 94717; 23679.250; 15.284
values_833; 5272; 79486; 19871.500; 15.077
values_834; 5437; 80104; 20026.000; 14.733
values_835; 3980; 61794; 15448.500; 15.526
values_836; 4535; 70776; 17694.000; 15.606
values_837; 4934; 73542; 18385.500; 14.905
values_838; 5802; 86036; 21509.000; 14.828
values_839; 5134; 74525; 18631.250; 14.515
values_84; 165; 1750; 437.500; 10.606
values_840; 4599; 69443; 17360.750; 15.099
values_841; 3490; 54862; 13715.500; 15.719
values_842; 3354; 55618; 13904.500; 16.582
values_843; 4470; 68811; 17202.750; 15.393
values_844; 3694; 58805; 14701.250; 15.919
values_845; 2445; 42331; 10582.750; 17.313
values_846; 4164; 65371; 16342.750; 15.699
values_847; 2912; 48155; 12038.750; 16.536
values_848; 3714; 60119; 15029.750; 16.187
values_849; 2805; 46860; 11715.000; 16.705
values_85; 113; 1083; 270.750; 9.584
values_850; 6186; 93148; 23287.000; 15.057
values_851; 5158; 79536; 19884.000; 15.419
values_852; 5842; 85719; 21429.750; 14.672
values_853; 4974; 74280; 18570.000; 14.933
values_854; 5924; 90199; 22549.750; 15.226
values_855; 5160; 77614; 19403.500; 15.041
values_856; 5330; 80935; 20233.750; 15.184
values_857; 4008; 62063; 15515.750; 15.484
values_858; 5868; 86233; 21558.250; 14.695
values_859; 5289; 80253; 20063.250; 15.173
values_86; 165; 1750; 437.500; 10.606
values_860; 5518; 82289; 20572.250; 14.912
values_861; 6877; 101345; 25336.250; 14.736
values_862; 6751; 97851; 24462.750; 14.494
values_863; 6493; 95461; 23865.250; 14.702
values_864; 7819; 109150; 27287.500; 13.959
values_865; 4630; 70654; 17663.500; 15.260
values_866; 5307; 79014; 19753.500; 14.888
values_867; 5144; 78288; 19572.000; 15.219
values_868; 3885; 61064; 15266.000; 15.717
values_869; 3471; 54747; 13686.750; 15.772
values_87; 165; 1750; 437.500; 10.606
values_870; 5849; 96450; 24112.500; 16.489
values_871; 5148; 79100; 19775.000; 15.365
values_872; 5154; 80262; 20065.500; 15.572
values_873; 6060; 92953; 23238.250; 15.338
values_874; 6048; 85793; 21448.250; 14.185
values_875; 5957; 89292; 22323.000; 14.989
values_876; 5292; 82761; 20690.250; 15.638
values_877; 5441; 78479; 19619.750; 14.423
values_878; 4628; 70416; 17604.000; 15.215
values_879; 4388; 69979; 17494.750; 15.947
values_88; 165; 1750; 437.500; 10.606
values_880; 2406; 40565; 10141.250; 16.859
values_881; 5192; 81313; 20328.250; 15.661
values_882; 5903; 99942; 24985.500; 16.930
values_883; 6169; 87443; 21860.750; 14.174
values_884; 4597; 77832; 19458.000; 16.931
values_885; 5200; 81587; 20396.750; 15.689
values_886; 6980; 100941; 25235.250; 14.461
values_887; 5354; 82097; 20524.250; 15.333
values_888; 6379; 100171; 25042.750; 15.703
values_889; 5708; 89489; 22372.250; 15.677
values_89; 165; 1750; 437.500; 10.606
values_890; 6047; 91170; 22792.500; 15.076
values_891; 5998; 97267; 24316.750; 16.216
values_892; 5857; 86408; 21602.000; 14.752
values_893; 5291; 79588; 19897.000; 15.042
values_894; 6006; 90194; 22548.500; 15.017
values_895; 4949; 75581; 18895.250; 15.271
values_896; 6466; 98340; 24585.000; 15.208
values_897; 5851; 87960; 21990.000; 15.033
values_898; 5837; 86923; 21730.750; 14.891
values_899; 5278; 79191; 19797.750; 15.003
values_90; 165; 1750; 437.500; 10.606
values_900; 3207; 53461; 13365.250; 16.670
values_901; 3205; 53318; 13329.500; 16.635
values_902; 3178; 52593; 13148.250; 16.549
values_903; 3208; 53371; 13342.750; 16.636
values_904; 3236; 54110; 13527.500; 16.721
values_905; 3218; 53676; 13419.000; 16.679
values_906; 3189; 52704; 13176.000; 16.526
values_907; 3257; 54445; 13611.250; 16.716
values_908; 3204; 53338; 13334.500; 16.647
values_909; 3158; 52094; 13023.500; 16.495
values_91; 162; 1684; 421.000; 10.395
values_910; 10957; 144964; 36241.000; 13.230
values_911; 12029; 155655; 38913.750; 12.939
values_912; 11047; 146053; 36513.250; 13.221
values_913; 12589; 167554; 41888.500; 13.309
values_914; 12703; 168436; 42109.000; 13.259
values_915; 11950; 160546; 40136.500; 13.434
values_916; 10375; 138054; 34513.500; 13.306
values_917; 11821; 155487; 38871.750; 13.153
values_918; 11994; 155453; 38863.250; 12.960
values_919; 10829; 143985; 35996.250; 13.296
values_92; 162; 1684; 421.000; 10.395
values_920; 5204; 78858; 19714.500; 15.153
values_921; 7387; 102631; 25657.750; 13.893
values_922; 9640; 131471; 32867.750; 13.638
values_923; 8420; 116669; 29167.250; 13.856
values_924; 4466; 69752; 17438.000; 15.618
values_925; 8244; 114859; 28714.750; 13.932
values_926; 8473; 117819; 29454.750; 13.905
values_927; 5269; 79707; 19926.750; 15.127
values_928; 5996; 88925; 22231.250; 14.830
values_929; 4814; 74644; 18661.000; 15.505
values_93; 165; 1750; 437.500; 10.606
values_930; 13175; 169624; 42406.000; 12.874
values_931; 16341; 210963; 52740.750; 12.910
values_932; 14224; 181238; 45309.500; 12.741
values_933; 14313; 183537; 45884.250; 12.823
values_934; 11670; 151833; 37958.250; 13.010
values_935; 12895; 168279; 42069.750; 13.049
values_936; 11703; 157047; 39261.750; 13.419
values_937; 9520; 127290; 31822.500; 13.370
values_938; 12424; 158669; 39667.250; 12.771
values_939; 11333; 147123; 36780.750; 12.981
values_94; 162; 1684; 421.000; 10.395
values_940; 6446; 94318; 23579.500; 14.632
values_941; 4163; 64411; 16102.750; 15.472
values_942; 7178; 101232; 25308.000; 14.103
values_943; 10173; 134931; 33732.750; 13.263
values_944; 4718; 71947; 17986.750; 15.249
values_945; 6162; 90809; 22702.250; 14.736
values_946; 7139; 100933; 25233.250; 14.138
values_947; 6135; 90186; 22546.500; 14.700
values_948; 7589; 107622; 26905.500; 14.181
values_949; 9225; 127299; 31824.750; 13.799
values_95; 162; 1684; 421.000; 10.395
values_950; 12907; 168742; 42185.500; 13.073
values_951; 15736; 200550; 50137.500; 12.744
values_952; 15115; 193488; 48372.000; 12.801
values_953; 13545; 175614; 43903.500; 12.965
values_954; 13161; 172589; 43147.250; 13.113
values_955; 14048; 183093; 45773.250; 13.033
values_956; 9830; 131930; 32982.500; 13.421
values_957; 12758; 166430; 41607.500; 13.045
values_958; 12593; 164634; 41158.500; 13.073
values_959; 13860; 182277; 45569.250; 13.151
values_96; 165; 1750; 437.500; 10.606
values_960; 12021; 156036; 39009.000; 12.980
values_961; 16235; 207935; 51983.750; 12.807
values_962; 13238; 172691; 43172.750; 13.045
values_963; 13674; 178559; 44639.750; 13.058
values_964; 11346; 145055; 36263.750; 12.784
values_965; 17086; 216096; 54024.000; 12.647
values_966; 9733; 130106; 32526.500; 13.367
values_967; 13051; 172283; 43070.750; 13.200
values_968; 13049; 161337; 40334.250; 12.363
values_969; 12814; 167287; 41821.750; 13.055
values_97; 162; 1684; 421.000; 10.395
values_970; 14584; 184533; 46133.250; 12.653
values_971; 13535; 174220; 43555.000; 12.871
values_972; 12265; 161122; 40280.500; 13.136
values_973; 16123; 214577; 53644.250; 13.308
values_974; 14266; 182631; 45657.750; 12.801
values_975; 13927; 182171; 45542.750; 13.080
values_976; 13835; 172600; 43150.000; 12.475
values_977; 12593; 160835; 40208.750; 12.771
values_978; 12644; 159015; 39753.750; 12.576
values_979; 11880; 154282; 38570.500; 12.986
values_98; 165; 1750; 437.500; 10.606
values_980; 10822; 144535; 36133.750; 13.355
values_981; 10831; 142266; 35566.500; 13.135
values_982; 11412; 155495; 38873.750; 13.625
values_983; 11144; 145200; 36300.000; 13.029
values_984; 12082; 161378; 40344.500; 13.356
values_985; 12223; 151891; 37972.750; 12.426
values_986; 10705; 143404; 35851.000; 13.395
values_987; 14119; 176253; 44063.250; 12.483
values_988; 11310; 145129; 36282.250; 12.831
values_989; 10943; 151027; 37756.750; 13.801
values_99; 165; 1750; 437.500; 10.606
values_990; 12776; 166216; 41554.000; 13.010
values_991; 10309; 138929; 34732.250; 13.476
values_992; 12036; 158738; 39684.500; 13.188
values_993; 11743; 155505; 38876.250; 13.242
values_994; 13468; 175127; 43781.750; 13.003
values_995; 13474; 171802; 42950.500; 12.750
values_996; 11821; 154569; 38642.250; 13.075
values_997; 13062; 169305; 42326.250; 12.961
values_998; 13166; 170182; 42545.500; 12.925
values_999; 12912; 167558; 41889.500; 12.976
