Incite; Executed C Instr; Clock Cycle Effective; Execution Time; CC4CS;
values_00; 14; 1984; 496.000; 141.714
values_01; 14; 1984; 496.000; 141.714
values_02; 14; 1984; 496.000; 141.714
values_03; 14; 1984; 496.000; 141.714
values_04; 14; 1984; 496.000; 141.714
values_05; 14; 1984; 496.000; 141.714
values_06; 14; 1984; 496.000; 141.714
values_07; 14; 1984; 496.000; 141.714
values_08; 14; 1984; 496.000; 141.714
values_09; 14; 1984; 496.000; 141.714
values_10; 14; 1297; 324.250; 92.642
values_100; 29; 5984; 1496.000; 206.344
values_101; 29; 5984; 1496.000; 206.344
values_102; 29; 5984; 1496.000; 206.344
values_103; 29; 5984; 1496.000; 206.344
values_104; 29; 5984; 1496.000; 206.344
values_105; 29; 5984; 1496.000; 206.344
values_106; 29; 5984; 1496.000; 206.344
values_107; 29; 5984; 1496.000; 206.344
values_108; 29; 5984; 1496.000; 206.344
values_109; 29; 5984; 1496.000; 206.344
values_11; 14; 1297; 324.250; 92.642
values_110; 29; 5339; 1334.750; 184.103
values_111; 29; 5298; 1324.500; 182.689
values_112; 29; 5212; 1303.000; 179.724
values_113; 29; 5212; 1303.000; 179.724
values_114; 29; 5212; 1303.000; 179.724
values_115; 34; 6002; 1500.500; 176.529
values_116; 29; 5212; 1303.000; 179.724
values_117; 29; 5332; 1333.000; 183.862
values_118; 29; 5358; 1339.500; 184.758
values_119; 29; 5339; 1334.750; 184.103
values_12; 14; 1297; 324.250; 92.642
values_120; 29; 5212; 1303.000; 179.724
values_121; 29; 5212; 1303.000; 179.724
values_122; 29; 5212; 1303.000; 179.724
values_123; 29; 5212; 1303.000; 179.724
values_124; 29; 5212; 1303.000; 179.724
values_125; 29; 5212; 1303.000; 179.724
values_126; 29; 5212; 1303.000; 179.724
values_127; 29; 5212; 1303.000; 179.724
values_128; 29; 5212; 1303.000; 179.724
values_129; 29; 5212; 1303.000; 179.724
values_13; 14; 1297; 324.250; 92.642
values_130; 29; 5212; 1303.000; 179.724
values_131; 29; 5339; 1334.750; 184.103
values_132; 29; 5332; 1333.000; 183.862
values_133; 29; 5212; 1303.000; 179.724
values_134; 34; 6002; 1500.500; 176.529
values_135; 29; 5212; 1303.000; 179.724
values_136; 29; 5311; 1327.750; 183.137
values_137; 34; 6001; 1500.250; 176.500
values_138; 29; 5311; 1327.750; 183.137
values_139; 29; 5212; 1303.000; 179.724
values_14; 14; 1297; 324.250; 92.642
values_140; 29; 5212; 1303.000; 179.724
values_141; 29; 5311; 1327.750; 183.137
values_142; 29; 5339; 1334.750; 184.103
values_143; 29; 5311; 1327.750; 183.137
values_144; 29; 5311; 1327.750; 183.137
values_145; 29; 5212; 1303.000; 179.724
values_146; 29; 5298; 1324.500; 182.689
values_147; 29; 5212; 1303.000; 179.724
values_148; 29; 5339; 1334.750; 184.103
values_149; 29; 5212; 1303.000; 179.724
values_15; 14; 1297; 324.250; 92.642
values_150; 29; 5358; 1339.500; 184.758
values_151; 34; 5974; 1493.500; 175.705
values_152; 29; 5332; 1333.000; 183.862
values_153; 34; 5983; 1495.750; 175.970
values_154; 29; 5298; 1324.500; 182.689
values_155; 29; 5339; 1334.750; 184.103
values_156; 29; 5311; 1327.750; 183.137
values_157; 29; 5339; 1334.750; 184.103
values_158; 29; 5212; 1303.000; 179.724
values_159; 34; 6002; 1500.500; 176.529
values_16; 14; 1297; 324.250; 92.642
values_160; 34; 5984; 1496.000; 176.000
values_161; 34; 5984; 1496.000; 176.000
values_162; 34; 5980; 1495.000; 175.882
values_163; 34; 6003; 1500.750; 176.558
values_164; 29; 5333; 1333.250; 183.896
values_165; 34; 5980; 1495.000; 175.882
values_166; 29; 5332; 1333.000; 183.862
values_167; 34; 5984; 1496.000; 176.000
values_168; 34; 5983; 1495.750; 175.970
values_169; 29; 5311; 1327.750; 183.137
values_17; 14; 1297; 324.250; 92.642
values_170; 34; 5984; 1496.000; 176.000
values_171; 34; 5984; 1496.000; 176.000
values_172; 34; 5984; 1496.000; 176.000
values_173; 34; 5984; 1496.000; 176.000
values_174; 34; 5984; 1496.000; 176.000
values_175; 34; 5984; 1496.000; 176.000
values_176; 34; 5984; 1496.000; 176.000
values_177; 34; 5984; 1496.000; 176.000
values_178; 34; 5984; 1496.000; 176.000
values_179; 34; 5984; 1496.000; 176.000
values_18; 14; 1297; 324.250; 92.642
values_180; 29; 5212; 1303.000; 179.724
values_181; 29; 5212; 1303.000; 179.724
values_182; 29; 5212; 1303.000; 179.724
values_183; 29; 5212; 1303.000; 179.724
values_184; 29; 5212; 1303.000; 179.724
values_185; 29; 5339; 1334.750; 184.103
values_186; 29; 5212; 1303.000; 179.724
values_187; 29; 5212; 1303.000; 179.724
values_188; 29; 5212; 1303.000; 179.724
values_189; 29; 5311; 1327.750; 183.137
values_19; 14; 1297; 324.250; 92.642
values_190; 29; 5298; 1324.500; 182.689
values_191; 34; 5983; 1495.750; 175.970
values_192; 34; 5982; 1495.500; 175.941
values_193; 34; 5967; 1491.750; 175.500
values_194; 34; 5974; 1493.500; 175.705
values_195; 29; 5333; 1333.250; 183.896
values_196; 29; 5358; 1339.500; 184.758
values_197; 34; 5983; 1495.750; 175.970
values_198; 34; 5984; 1496.000; 176.000
values_199; 34; 5983; 1495.750; 175.970
values_20; 14; 1297; 324.250; 92.642
values_200; 29; 5763; 1440.750; 198.724
values_201; 29; 5763; 1440.750; 198.724
values_202; 29; 5763; 1440.750; 198.724
values_203; 29; 5763; 1440.750; 198.724
values_204; 29; 5763; 1440.750; 198.724
values_205; 29; 5763; 1440.750; 198.724
values_206; 29; 5763; 1440.750; 198.724
values_207; 29; 5763; 1440.750; 198.724
values_208; 29; 5763; 1440.750; 198.724
values_209; 29; 5763; 1440.750; 198.724
values_21; 14; 1297; 324.250; 92.642
values_210; 29; 4657; 1164.250; 160.586
values_211; 29; 4657; 1164.250; 160.586
values_212; 29; 4577; 1144.250; 157.827
values_213; 29; 4577; 1144.250; 157.827
values_214; 29; 4658; 1164.500; 160.620
values_215; 29; 4661; 1165.250; 160.724
values_216; 29; 4663; 1165.750; 160.793
values_217; 29; 4658; 1164.500; 160.620
values_218; 29; 5106; 1276.500; 176.068
values_219; 29; 4577; 1144.250; 157.827
values_22; 14; 1297; 324.250; 92.642
values_220; 29; 4577; 1144.250; 157.827
values_221; 29; 4577; 1144.250; 157.827
values_222; 29; 4577; 1144.250; 157.827
values_223; 29; 4577; 1144.250; 157.827
values_224; 29; 4577; 1144.250; 157.827
values_225; 29; 4577; 1144.250; 157.827
values_226; 29; 4577; 1144.250; 157.827
values_227; 29; 4577; 1144.250; 157.827
values_228; 29; 4577; 1144.250; 157.827
values_229; 29; 4577; 1144.250; 157.827
values_23; 14; 1297; 324.250; 92.642
values_230; 29; 4577; 1144.250; 157.827
values_231; 29; 4577; 1144.250; 157.827
values_232; 29; 4577; 1144.250; 157.827
values_233; 29; 4577; 1144.250; 157.827
values_234; 29; 4663; 1165.750; 160.793
values_235; 29; 4657; 1164.250; 160.586
values_236; 29; 4656; 1164.000; 160.551
values_237; 29; 4577; 1144.250; 157.827
values_238; 29; 4657; 1164.250; 160.586
values_239; 29; 4577; 1144.250; 157.827
values_24; 14; 1297; 324.250; 92.642
values_240; 29; 4656; 1164.000; 160.551
values_241; 29; 4659; 1164.750; 160.655
values_242; 29; 4577; 1144.250; 157.827
values_243; 29; 4656; 1164.000; 160.551
values_244; 29; 4651; 1162.750; 160.379
values_245; 29; 4663; 1165.750; 160.793
values_246; 29; 4651; 1162.750; 160.379
values_247; 29; 4656; 1164.000; 160.551
values_248; 29; 4657; 1164.250; 160.586
values_249; 29; 4577; 1144.250; 157.827
values_25; 14; 1297; 324.250; 92.642
values_250; 29; 4651; 1162.750; 160.379
values_251; 29; 4652; 1163.000; 160.413
values_252; 29; 4577; 1144.250; 157.827
values_253; 29; 4652; 1163.000; 160.413
values_254; 29; 4577; 1144.250; 157.827
values_255; 29; 4577; 1144.250; 157.827
values_256; 29; 4662; 1165.500; 160.758
values_257; 29; 4658; 1164.500; 160.620
values_258; 29; 5106; 1276.500; 176.068
values_259; 29; 4652; 1163.000; 160.413
values_26; 14; 1297; 324.250; 92.642
values_260; 29; 4662; 1165.500; 160.758
values_261; 29; 4652; 1163.000; 160.413
values_262; 29; 5106; 1276.500; 176.068
values_263; 29; 4651; 1162.750; 160.379
values_264; 29; 4662; 1165.500; 160.758
values_265; 34; 5763; 1440.750; 169.500
values_266; 29; 4652; 1163.000; 160.413
values_267; 29; 4651; 1162.750; 160.379
values_268; 29; 4659; 1164.750; 160.655
values_269; 34; 5763; 1440.750; 169.500
values_27; 14; 1297; 324.250; 92.642
values_270; 34; 5763; 1440.750; 169.500
values_271; 34; 5763; 1440.750; 169.500
values_272; 34; 5763; 1440.750; 169.500
values_273; 34; 5763; 1440.750; 169.500
values_274; 34; 5763; 1440.750; 169.500
values_275; 34; 5763; 1440.750; 169.500
values_276; 34; 5768; 1442.000; 169.647
values_277; 34; 5763; 1440.750; 169.500
values_278; 34; 5763; 1440.750; 169.500
values_279; 34; 5763; 1440.750; 169.500
values_28; 14; 1297; 324.250; 92.642
values_280; 29; 4656; 1164.000; 160.551
values_281; 29; 4577; 1144.250; 157.827
values_282; 29; 4577; 1144.250; 157.827
values_283; 29; 4657; 1164.250; 160.586
values_284; 29; 4577; 1144.250; 157.827
values_285; 29; 4577; 1144.250; 157.827
values_286; 29; 4577; 1144.250; 157.827
values_287; 29; 4577; 1144.250; 157.827
values_288; 29; 4577; 1144.250; 157.827
values_289; 29; 4577; 1144.250; 157.827
values_29; 14; 1297; 324.250; 92.642
values_290; 29; 5106; 1276.500; 176.068
values_291; 34; 5763; 1440.750; 169.500
values_292; 29; 4652; 1163.000; 160.413
values_293; 34; 5763; 1440.750; 169.500
values_294; 29; 4658; 1164.500; 160.620
values_295; 34; 5763; 1440.750; 169.500
values_296; 34; 5763; 1440.750; 169.500
values_297; 29; 4659; 1164.750; 160.655
values_298; 29; 4658; 1164.500; 160.620
values_299; 29; 5106; 1276.500; 176.068
values_30; 14; 1297; 324.250; 92.642
values_300; 39; 10482; 2620.500; 268.769
values_301; 39; 10482; 2620.500; 268.769
values_302; 39; 10482; 2620.500; 268.769
values_303; 39; 10482; 2620.500; 268.769
values_304; 39; 10482; 2620.500; 268.769
values_305; 39; 10482; 2620.500; 268.769
values_306; 39; 10482; 2620.500; 268.769
values_307; 39; 10482; 2620.500; 268.769
values_308; 39; 10482; 2620.500; 268.769
values_309; 39; 10482; 2620.500; 268.769
values_31; 14; 1297; 324.250; 92.642
values_310; 39; 9391; 2347.750; 240.794
values_311; 39; 9373; 2343.250; 240.333
values_312; 44; 10446; 2611.500; 237.409
values_313; 39; 9274; 2318.500; 237.794
values_314; 39; 9274; 2318.500; 237.794
values_315; 39; 9274; 2318.500; 237.794
values_316; 39; 9377; 2344.250; 240.435
values_317; 44; 10516; 2629.000; 239.000
values_318; 39; 9772; 2443.000; 250.564
values_319; 39; 9778; 2444.500; 250.717
values_32; 14; 1297; 324.250; 92.642
values_320; 39; 9274; 2318.500; 237.794
values_321; 39; 9274; 2318.500; 237.794
values_322; 39; 9274; 2318.500; 237.794
values_323; 39; 9274; 2318.500; 237.794
values_324; 39; 9274; 2318.500; 237.794
values_325; 39; 9274; 2318.500; 237.794
values_326; 39; 9274; 2318.500; 237.794
values_327; 39; 9391; 2347.750; 240.794
values_328; 39; 9274; 2318.500; 237.794
values_329; 39; 9364; 2341.000; 240.102
values_33; 14; 1297; 324.250; 92.642
values_330; 39; 9274; 2318.500; 237.794
values_331; 39; 9274; 2318.500; 237.794
values_332; 39; 9815; 2453.750; 251.666
values_333; 39; 9274; 2318.500; 237.794
values_334; 39; 9274; 2318.500; 237.794
values_335; 39; 9377; 2344.250; 240.435
values_336; 39; 9274; 2318.500; 237.794
values_337; 39; 9825; 2456.250; 251.923
values_338; 39; 9274; 2318.500; 237.794
values_339; 39; 9274; 2318.500; 237.794
values_34; 14; 1297; 324.250; 92.642
values_340; 39; 9816; 2454.000; 251.692
values_341; 39; 9364; 2341.000; 240.102
values_342; 44; 10446; 2611.500; 237.409
values_343; 39; 9392; 2348.000; 240.820
values_344; 39; 9365; 2341.250; 240.128
values_345; 39; 9274; 2318.500; 237.794
values_346; 39; 9374; 2343.500; 240.358
values_347; 39; 9364; 2341.000; 240.102
values_348; 39; 9274; 2318.500; 237.794
values_349; 44; 10447; 2611.750; 237.431
values_35; 14; 1297; 324.250; 92.642
values_350; 39; 9853; 2463.250; 252.641
values_351; 44; 10466; 2616.500; 237.863
values_352; 39; 9378; 2344.500; 240.461
values_353; 39; 9824; 2456.000; 251.897
values_354; 44; 10527; 2631.750; 239.250
values_355; 39; 9868; 2467.000; 253.025
values_356; 39; 9816; 2454.000; 251.692
values_357; 39; 9764; 2441.000; 250.358
values_358; 39; 9869; 2467.250; 253.051
values_359; 39; 9391; 2347.750; 240.794
values_36; 14; 1297; 324.250; 92.642
values_360; 44; 10481; 2620.250; 238.204
values_361; 44; 10481; 2620.250; 238.204
values_362; 44; 10482; 2620.500; 238.227
values_363; 44; 10481; 2620.250; 238.204
values_364; 44; 10481; 2620.250; 238.204
values_365; 44; 10481; 2620.250; 238.204
values_366; 44; 10482; 2620.500; 238.227
values_367; 39; 9373; 2343.250; 240.333
values_368; 39; 9855; 2463.750; 252.692
values_369; 44; 10482; 2620.500; 238.227
values_37; 14; 1297; 324.250; 92.642
values_370; 44; 10482; 2620.500; 238.227
values_371; 44; 10482; 2620.500; 238.227
values_372; 44; 10482; 2620.500; 238.227
values_373; 44; 10482; 2620.500; 238.227
values_374; 44; 10482; 2620.500; 238.227
values_375; 44; 10481; 2620.250; 238.204
values_376; 44; 10482; 2620.500; 238.227
values_377; 44; 10482; 2620.500; 238.227
values_378; 44; 10482; 2620.500; 238.227
values_379; 44; 10481; 2620.250; 238.204
values_38; 14; 1297; 324.250; 92.642
values_380; 39; 9274; 2318.500; 237.794
values_381; 39; 9274; 2318.500; 237.794
values_382; 39; 9274; 2318.500; 237.794
values_383; 39; 9274; 2318.500; 237.794
values_384; 39; 9274; 2318.500; 237.794
values_385; 39; 9373; 2343.250; 240.333
values_386; 39; 9274; 2318.500; 237.794
values_387; 39; 9274; 2318.500; 237.794
values_388; 39; 9274; 2318.500; 237.794
values_389; 39; 9274; 2318.500; 237.794
values_39; 14; 1297; 324.250; 92.642
values_390; 39; 9889; 2472.250; 253.564
values_391; 39; 9855; 2463.750; 252.692
values_392; 44; 10462; 2615.500; 237.772
values_393; 44; 10445; 2611.250; 237.386
values_394; 39; 9854; 2463.500; 252.666
values_395; 44; 10445; 2611.250; 237.386
values_396; 44; 10481; 2620.250; 238.204
values_397; 44; 10435; 2608.750; 237.159
values_398; 39; 9364; 2341.000; 240.102
values_399; 44; 10480; 2620.000; 238.181
values_40; 14; 1297; 324.250; 92.642
values_400; 34; 7987; 1996.750; 234.911
values_401; 34; 7987; 1996.750; 234.911
values_402; 34; 7987; 1996.750; 234.911
values_403; 34; 7987; 1996.750; 234.911
values_404; 34; 7987; 1996.750; 234.911
values_405; 34; 7987; 1996.750; 234.911
values_406; 34; 7987; 1996.750; 234.911
values_407; 34; 7987; 1996.750; 234.911
values_408; 34; 7987; 1996.750; 234.911
values_409; 34; 7987; 1996.750; 234.911
values_41; 14; 1297; 324.250; 92.642
values_410; 34; 7217; 1804.250; 212.264
values_411; 34; 7347; 1836.750; 216.088
values_412; 34; 7366; 1841.500; 216.647
values_413; 34; 7217; 1804.250; 212.264
values_414; 39; 8009; 2002.250; 205.358
values_415; 34; 7303; 1825.750; 214.794
values_416; 34; 7343; 1835.750; 215.970
values_417; 34; 7316; 1829.000; 215.176
values_418; 34; 7316; 1829.000; 215.176
values_419; 34; 7303; 1825.750; 214.794
values_42; 14; 1297; 324.250; 92.642
values_420; 34; 7217; 1804.250; 212.264
values_421; 34; 7217; 1804.250; 212.264
values_422; 34; 7217; 1804.250; 212.264
values_423; 34; 7217; 1804.250; 212.264
values_424; 34; 7303; 1825.750; 214.794
values_425; 34; 7217; 1804.250; 212.264
values_426; 34; 7303; 1825.750; 214.794
values_427; 34; 7217; 1804.250; 212.264
values_428; 34; 7217; 1804.250; 212.264
values_429; 34; 7217; 1804.250; 212.264
values_43; 14; 1297; 324.250; 92.642
values_430; 34; 7316; 1829.000; 215.176
values_431; 39; 7985; 1996.250; 204.743
values_432; 34; 7217; 1804.250; 212.264
values_433; 34; 7217; 1804.250; 212.264
values_434; 34; 7217; 1804.250; 212.264
values_435; 34; 7217; 1804.250; 212.264
values_436; 34; 7217; 1804.250; 212.264
values_437; 34; 7303; 1825.750; 214.794
values_438; 34; 7217; 1804.250; 212.264
values_439; 34; 7217; 1804.250; 212.264
values_44; 14; 1297; 324.250; 92.642
values_440; 34; 7217; 1804.250; 212.264
values_441; 34; 7217; 1804.250; 212.264
values_442; 34; 7217; 1804.250; 212.264
values_443; 39; 8009; 2002.250; 205.358
values_444; 39; 8016; 2004.000; 205.538
values_445; 34; 7343; 1835.750; 215.970
values_446; 34; 7316; 1829.000; 215.176
values_447; 39; 8013; 2003.250; 205.461
values_448; 34; 7217; 1804.250; 212.264
values_449; 34; 7217; 1804.250; 212.264
values_45; 14; 1297; 324.250; 92.642
values_450; 39; 7993; 1998.250; 204.948
values_451; 34; 7362; 1840.500; 216.529
values_452; 34; 7217; 1804.250; 212.264
values_453; 34; 7343; 1835.750; 215.970
values_454; 34; 7347; 1836.750; 216.088
values_455; 39; 7985; 1996.250; 204.743
values_456; 39; 7987; 1996.750; 204.794
values_457; 34; 7347; 1836.750; 216.088
values_458; 34; 7303; 1825.750; 214.794
values_459; 34; 7303; 1825.750; 214.794
values_46; 14; 1297; 324.250; 92.642
values_460; 39; 7999; 1999.750; 205.102
values_461; 39; 7986; 1996.500; 204.769
values_462; 39; 7986; 1996.500; 204.769
values_463; 39; 7978; 1994.500; 204.564
values_464; 39; 7978; 1994.500; 204.564
values_465; 34; 7398; 1849.500; 217.588
values_466; 39; 8007; 2001.750; 205.307
values_467; 34; 7316; 1829.000; 215.176
values_468; 39; 7987; 1996.750; 204.794
values_469; 39; 8007; 2001.750; 205.307
values_47; 14; 1297; 324.250; 92.642
values_470; 39; 7978; 1994.500; 204.564
values_471; 39; 7987; 1996.750; 204.794
values_472; 39; 7987; 1996.750; 204.794
values_473; 39; 8008; 2002.000; 205.333
values_474; 39; 7987; 1996.750; 204.794
values_475; 39; 7987; 1996.750; 204.794
values_476; 39; 8003; 2000.750; 205.205
values_477; 39; 7987; 1996.750; 204.794
values_478; 39; 7987; 1996.750; 204.794
values_479; 39; 7987; 1996.750; 204.794
values_48; 14; 1297; 324.250; 92.642
values_480; 34; 7217; 1804.250; 212.264
values_481; 34; 7217; 1804.250; 212.264
values_482; 34; 7217; 1804.250; 212.264
values_483; 34; 7217; 1804.250; 212.264
values_484; 34; 7217; 1804.250; 212.264
values_485; 34; 7217; 1804.250; 212.264
values_486; 34; 7362; 1840.500; 216.529
values_487; 34; 7217; 1804.250; 212.264
values_488; 34; 7217; 1804.250; 212.264
values_489; 34; 7217; 1804.250; 212.264
values_49; 14; 1297; 324.250; 92.642
values_490; 39; 7994; 1998.500; 204.974
values_491; 39; 7994; 1998.500; 204.974
values_492; 39; 8007; 2001.750; 205.307
values_493; 39; 8008; 2002.000; 205.333
values_494; 39; 8002; 2000.500; 205.179
values_495; 39; 8000; 2000.000; 205.128
values_496; 39; 8013; 2003.250; 205.461
values_497; 34; 7316; 1829.000; 215.176
values_498; 39; 7977; 1994.250; 204.538
values_499; 39; 8007; 2001.750; 205.307
values_50; 14; 1297; 324.250; 92.642
values_500; 39; 9816; 2454.000; 251.692
values_501; 39; 9816; 2454.000; 251.692
values_502; 39; 9816; 2454.000; 251.692
values_503; 39; 9816; 2454.000; 251.692
values_504; 39; 9816; 2454.000; 251.692
values_505; 39; 9816; 2454.000; 251.692
values_506; 39; 9816; 2454.000; 251.692
values_507; 39; 9816; 2454.000; 251.692
values_508; 39; 9816; 2454.000; 251.692
values_509; 39; 9816; 2454.000; 251.692
values_51; 14; 1297; 324.250; 92.642
values_510; 39; 8666; 2166.500; 222.205
values_511; 39; 8652; 2163.000; 221.846
values_512; 39; 8651; 2162.750; 221.820
values_513; 39; 8658; 2164.500; 222.000
values_514; 39; 8654; 2163.500; 221.897
values_515; 39; 8664; 2166.000; 222.153
values_516; 39; 8653; 2163.250; 221.871
values_517; 39; 8572; 2143.000; 219.794
values_518; 39; 8572; 2143.000; 219.794
values_519; 39; 8572; 2143.000; 219.794
values_52; 14; 1297; 324.250; 92.642
values_520; 39; 8572; 2143.000; 219.794
values_521; 39; 8662; 2165.500; 222.102
values_522; 39; 8572; 2143.000; 219.794
values_523; 39; 8572; 2143.000; 219.794
values_524; 39; 8572; 2143.000; 219.794
values_525; 39; 8662; 2165.500; 222.102
values_526; 39; 8572; 2143.000; 219.794
values_527; 39; 8572; 2143.000; 219.794
values_528; 39; 8572; 2143.000; 219.794
values_529; 39; 8572; 2143.000; 219.794
values_53; 14; 1297; 324.250; 92.642
values_530; 39; 8653; 2163.250; 221.871
values_531; 39; 8572; 2143.000; 219.794
values_532; 39; 8653; 2163.250; 221.871
values_533; 39; 8572; 2143.000; 219.794
values_534; 39; 8572; 2143.000; 219.794
values_535; 39; 8572; 2143.000; 219.794
values_536; 39; 8653; 2163.250; 221.871
values_537; 39; 8572; 2143.000; 219.794
values_538; 39; 8658; 2164.500; 222.000
values_539; 39; 8647; 2161.750; 221.717
values_54; 14; 1297; 324.250; 92.642
values_540; 39; 8653; 2163.250; 221.871
values_541; 39; 8658; 2164.500; 222.000
values_542; 39; 8572; 2143.000; 219.794
values_543; 39; 8662; 2165.500; 222.102
values_544; 39; 8653; 2163.250; 221.871
values_545; 39; 8666; 2166.500; 222.205
values_546; 39; 8658; 2164.500; 222.000
values_547; 39; 8685; 2171.250; 222.692
values_548; 39; 8663; 2165.750; 222.128
values_549; 39; 8672; 2168.000; 222.358
values_55; 14; 1297; 324.250; 92.642
values_550; 39; 8654; 2163.500; 221.897
values_551; 39; 8693; 2173.250; 222.897
values_552; 39; 8666; 2166.500; 222.205
values_553; 39; 8651; 2162.750; 221.820
values_554; 39; 8572; 2143.000; 219.794
values_555; 39; 8653; 2163.250; 221.871
values_556; 39; 8663; 2165.750; 222.128
values_557; 39; 8657; 2164.250; 221.974
values_558; 39; 8658; 2164.500; 222.000
values_559; 39; 8663; 2165.750; 222.128
values_56; 14; 1297; 324.250; 92.642
values_560; 44; 9758; 2439.500; 221.772
values_561; 39; 9146; 2286.500; 234.512
values_562; 39; 8665; 2166.250; 222.179
values_563; 39; 9189; 2297.250; 235.615
values_564; 44; 9802; 2450.500; 222.772
values_565; 39; 8686; 2171.500; 222.717
values_566; 39; 9164; 2291.000; 234.974
values_567; 39; 8715; 2178.750; 223.461
values_568; 39; 8667; 2166.750; 222.230
values_569; 44; 9816; 2454.000; 223.090
values_57; 14; 1297; 324.250; 92.642
values_570; 44; 9785; 2446.250; 222.386
values_571; 44; 9794; 2448.500; 222.590
values_572; 44; 9816; 2454.000; 223.090
values_573; 44; 9816; 2454.000; 223.090
values_574; 44; 9816; 2454.000; 223.090
values_575; 44; 9816; 2454.000; 223.090
values_576; 44; 9816; 2454.000; 223.090
values_577; 44; 9816; 2454.000; 223.090
values_578; 44; 9816; 2454.000; 223.090
values_579; 44; 9816; 2454.000; 223.090
values_58; 14; 1297; 324.250; 92.642
values_580; 39; 8653; 2163.250; 221.871
values_581; 39; 8572; 2143.000; 219.794
values_582; 39; 8572; 2143.000; 219.794
values_583; 39; 8572; 2143.000; 219.794
values_584; 39; 8572; 2143.000; 219.794
values_585; 39; 8572; 2143.000; 219.794
values_586; 39; 8572; 2143.000; 219.794
values_587; 39; 8572; 2143.000; 219.794
values_588; 39; 8572; 2143.000; 219.794
values_589; 39; 8572; 2143.000; 219.794
values_59; 14; 1297; 324.250; 92.642
values_590; 39; 9189; 2297.250; 235.615
values_591; 39; 8703; 2175.750; 223.153
values_592; 39; 8646; 2161.500; 221.692
values_593; 39; 8703; 2175.750; 223.153
values_594; 39; 8695; 2173.750; 222.948
values_595; 39; 8714; 2178.500; 223.435
values_596; 39; 8646; 2161.500; 221.692
values_597; 39; 8674; 2168.500; 222.410
values_598; 39; 8698; 2174.500; 223.025
values_599; 44; 9816; 2454.000; 223.090
values_60; 19; 1984; 496.000; 104.421
values_600; 34; 8170; 2042.500; 240.294
values_601; 34; 8170; 2042.500; 240.294
values_602; 34; 8170; 2042.500; 240.294
values_603; 34; 8170; 2042.500; 240.294
values_604; 34; 8170; 2042.500; 240.294
values_605; 34; 8170; 2042.500; 240.294
values_606; 34; 8170; 2042.500; 240.294
values_607; 34; 8170; 2042.500; 240.294
values_608; 34; 8170; 2042.500; 240.294
values_609; 34; 8170; 2042.500; 240.294
values_61; 19; 1984; 496.000; 104.421
values_610; 39; 8156; 2039.000; 209.128
values_611; 34; 7511; 1877.750; 220.911
values_612; 34; 7400; 1850.000; 217.647
values_613; 34; 7529; 1882.250; 221.441
values_614; 34; 7562; 1890.500; 222.411
values_615; 34; 7520; 1880.000; 221.176
values_616; 39; 8212; 2053.000; 210.564
values_617; 34; 7562; 1890.500; 222.411
values_618; 39; 8156; 2039.000; 209.128
values_619; 34; 7400; 1850.000; 217.647
values_62; 19; 1940; 485.000; 102.105
values_620; 34; 7400; 1850.000; 217.647
values_621; 34; 7400; 1850.000; 217.647
values_622; 34; 7529; 1882.250; 221.441
values_623; 34; 7400; 1850.000; 217.647
values_624; 34; 7400; 1850.000; 217.647
values_625; 34; 7529; 1882.250; 221.441
values_626; 34; 7400; 1850.000; 217.647
values_627; 34; 7400; 1850.000; 217.647
values_628; 34; 7400; 1850.000; 217.647
values_629; 34; 7400; 1850.000; 217.647
values_63; 19; 1940; 485.000; 102.105
values_630; 34; 7400; 1850.000; 217.647
values_631; 34; 7400; 1850.000; 217.647
values_632; 34; 7546; 1886.500; 221.941
values_633; 34; 7400; 1850.000; 217.647
values_634; 34; 7400; 1850.000; 217.647
values_635; 34; 7400; 1850.000; 217.647
values_636; 39; 8186; 2046.500; 209.897
values_637; 34; 7400; 1850.000; 217.647
values_638; 39; 8143; 2035.750; 208.794
values_639; 34; 7400; 1850.000; 217.647
values_64; 19; 1940; 485.000; 102.105
values_640; 34; 7400; 1850.000; 217.647
values_641; 39; 8168; 2042.000; 209.435
values_642; 34; 7400; 1850.000; 217.647
values_643; 34; 7400; 1850.000; 217.647
values_644; 34; 7511; 1877.750; 220.911
values_645; 39; 8153; 2038.250; 209.051
values_646; 39; 8161; 2040.250; 209.256
values_647; 34; 7511; 1877.750; 220.911
values_648; 39; 8173; 2043.250; 209.564
values_649; 34; 7529; 1882.250; 221.441
values_65; 19; 1984; 496.000; 104.421
values_650; 39; 8156; 2039.000; 209.128
values_651; 39; 8144; 2036.000; 208.820
values_652; 39; 8155; 2038.750; 209.102
values_653; 34; 7529; 1882.250; 221.441
values_654; 34; 7529; 1882.250; 221.441
values_655; 39; 8139; 2034.750; 208.692
values_656; 34; 7546; 1886.500; 221.941
values_657; 39; 8210; 2052.500; 210.512
values_658; 34; 7546; 1886.500; 221.941
values_659; 39; 8168; 2042.000; 209.435
values_66; 19; 1984; 496.000; 104.421
values_660; 39; 8163; 2040.750; 209.307
values_661; 39; 8169; 2042.250; 209.461
values_662; 39; 8199; 2049.750; 210.230
values_663; 39; 8186; 2046.500; 209.897
values_664; 39; 8155; 2038.750; 209.102
values_665; 39; 8177; 2044.250; 209.666
values_666; 39; 8169; 2042.250; 209.461
values_667; 39; 8170; 2042.500; 209.487
values_668; 39; 8163; 2040.750; 209.307
values_669; 39; 8178; 2044.500; 209.692
values_67; 19; 1940; 485.000; 102.105
values_670; 39; 8169; 2042.250; 209.461
values_671; 39; 8170; 2042.500; 209.487
values_672; 39; 8170; 2042.500; 209.487
values_673; 39; 8170; 2042.500; 209.487
values_674; 39; 8170; 2042.500; 209.487
values_675; 39; 8169; 2042.250; 209.461
values_676; 39; 8170; 2042.500; 209.487
values_677; 39; 8170; 2042.500; 209.487
values_678; 39; 8170; 2042.500; 209.487
values_679; 39; 8170; 2042.500; 209.487
values_68; 19; 1984; 496.000; 104.421
values_680; 34; 7400; 1850.000; 217.647
values_681; 34; 7400; 1850.000; 217.647
values_682; 34; 7511; 1877.750; 220.911
values_683; 34; 7400; 1850.000; 217.647
values_684; 34; 7400; 1850.000; 217.647
values_685; 34; 7400; 1850.000; 217.647
values_686; 34; 7529; 1882.250; 221.441
values_687; 34; 7529; 1882.250; 221.441
values_688; 34; 7400; 1850.000; 217.647
values_689; 34; 7400; 1850.000; 217.647
values_69; 19; 1984; 496.000; 104.421
values_690; 39; 8176; 2044.000; 209.641
values_691; 39; 8170; 2042.500; 209.487
values_692; 39; 8169; 2042.250; 209.461
values_693; 39; 8154; 2038.500; 209.076
values_694; 39; 8186; 2046.500; 209.897
values_695; 39; 8169; 2042.250; 209.461
values_696; 39; 8169; 2042.250; 209.461
values_697; 39; 8169; 2042.250; 209.461
values_698; 34; 7547; 1886.750; 221.970
values_699; 39; 8178; 2044.500; 209.692
values_70; 19; 1984; 496.000; 104.421
values_700; 39; 10371; 2592.750; 265.923
values_701; 39; 10371; 2592.750; 265.923
values_702; 39; 10371; 2592.750; 265.923
values_703; 39; 10371; 2592.750; 265.923
values_704; 39; 10371; 2592.750; 265.923
values_705; 39; 10371; 2592.750; 265.923
values_706; 39; 10371; 2592.750; 265.923
values_707; 39; 10371; 2592.750; 265.923
values_708; 39; 10371; 2592.750; 265.923
values_709; 39; 10371; 2592.750; 265.923
values_71; 19; 1984; 496.000; 104.421
values_710; 39; 9163; 2290.750; 234.948
values_711; 39; 9163; 2290.750; 234.948
values_712; 39; 9260; 2315.000; 237.435
values_713; 39; 9266; 2316.500; 237.589
values_714; 39; 9721; 2430.250; 249.256
values_715; 39; 9667; 2416.750; 247.871
values_716; 39; 9163; 2290.750; 234.948
values_717; 39; 9299; 2324.750; 238.435
values_718; 39; 9759; 2439.750; 250.230
values_719; 39; 9163; 2290.750; 234.948
values_72; 19; 1984; 496.000; 104.421
values_720; 39; 9163; 2290.750; 234.948
values_721; 39; 9163; 2290.750; 234.948
values_722; 39; 9163; 2290.750; 234.948
values_723; 39; 9163; 2290.750; 234.948
values_724; 39; 9163; 2290.750; 234.948
values_725; 39; 9253; 2313.250; 237.256
values_726; 39; 9163; 2290.750; 234.948
values_727; 39; 9163; 2290.750; 234.948
values_728; 39; 9721; 2430.250; 249.256
values_729; 39; 9163; 2290.750; 234.948
values_73; 19; 1984; 496.000; 104.421
values_730; 39; 9653; 2413.250; 247.512
values_731; 39; 9163; 2290.750; 234.948
values_732; 39; 9259; 2314.750; 237.410
values_733; 39; 9653; 2413.250; 247.512
values_734; 39; 9653; 2413.250; 247.512
values_735; 39; 9259; 2314.750; 237.410
values_736; 39; 9259; 2314.750; 237.410
values_737; 39; 9163; 2290.750; 234.948
values_738; 39; 9163; 2290.750; 234.948
values_739; 39; 9163; 2290.750; 234.948
values_74; 19; 1984; 496.000; 104.421
values_740; 39; 9280; 2320.000; 237.948
values_741; 39; 9661; 2415.250; 247.717
values_742; 39; 9688; 2422.000; 248.410
values_743; 39; 9163; 2290.750; 234.948
values_744; 39; 9266; 2316.500; 237.589
values_745; 39; 9698; 2424.500; 248.666
values_746; 39; 9260; 2315.000; 237.435
values_747; 39; 9266; 2316.500; 237.589
values_748; 44; 10335; 2583.750; 234.886
values_749; 39; 9712; 2428.000; 249.025
values_75; 19; 1984; 496.000; 104.421
values_750; 39; 9259; 2314.750; 237.410
values_751; 39; 9711; 2427.750; 249.000
values_752; 39; 9795; 2448.750; 251.153
values_753; 39; 9163; 2290.750; 234.948
values_754; 44; 10372; 2593.000; 235.727
values_755; 44; 10370; 2592.500; 235.681
values_756; 39; 9252; 2313.000; 237.230
values_757; 39; 9260; 2315.000; 237.435
values_758; 39; 9300; 2325.000; 238.461
values_759; 44; 10328; 2582.000; 234.727
values_76; 19; 1984; 496.000; 104.421
values_760; 39; 9268; 2317.000; 237.641
values_761; 39; 9253; 2313.250; 237.256
values_762; 44; 10371; 2592.750; 235.704
values_763; 44; 10379; 2594.750; 235.886
values_764; 44; 10370; 2592.500; 235.681
values_765; 39; 9743; 2435.750; 249.820
values_766; 44; 10371; 2592.750; 235.704
values_767; 44; 10369; 2592.250; 235.659
values_768; 44; 10369; 2592.250; 235.659
values_769; 44; 10370; 2592.500; 235.681
values_77; 19; 1984; 496.000; 104.421
values_770; 44; 10371; 2592.750; 235.704
values_771; 44; 10370; 2592.500; 235.681
values_772; 44; 10371; 2592.750; 235.704
values_773; 44; 10371; 2592.750; 235.704
values_774; 44; 10371; 2592.750; 235.704
values_775; 44; 10371; 2592.750; 235.704
values_776; 44; 10371; 2592.750; 235.704
values_777; 44; 10371; 2592.750; 235.704
values_778; 44; 10416; 2604.000; 236.727
values_779; 44; 10371; 2592.750; 235.704
values_78; 19; 1984; 496.000; 104.421
values_780; 39; 9163; 2290.750; 234.948
values_781; 39; 9163; 2290.750; 234.948
values_782; 39; 9163; 2290.750; 234.948
values_783; 39; 9163; 2290.750; 234.948
values_784; 39; 9163; 2290.750; 234.948
values_785; 39; 9163; 2290.750; 234.948
values_786; 39; 9259; 2314.750; 237.410
values_787; 39; 9163; 2290.750; 234.948
values_788; 39; 9163; 2290.750; 234.948
values_789; 39; 9163; 2290.750; 234.948
values_79; 19; 1984; 496.000; 104.421
values_790; 39; 9711; 2427.750; 249.000
values_791; 44; 10378; 2594.500; 235.863
values_792; 44; 10389; 2597.250; 236.113
values_793; 44; 10390; 2597.500; 236.136
values_794; 39; 9712; 2428.000; 249.025
values_795; 44; 10332; 2583.000; 234.818
values_796; 44; 10390; 2597.500; 236.136
values_797; 39; 9744; 2436.000; 249.846
values_798; 39; 9763; 2440.750; 250.333
values_799; 44; 10371; 2592.750; 235.704
values_80; 14; 1297; 324.250; 92.642
values_800; 34; 7954; 1988.500; 233.941
values_801; 34; 7954; 1988.500; 233.941
values_802; 34; 7954; 1988.500; 233.941
values_803; 34; 7954; 1988.500; 233.941
values_804; 34; 7954; 1988.500; 233.941
values_805; 34; 7954; 1988.500; 233.941
values_806; 34; 7954; 1988.500; 233.941
values_807; 34; 7954; 1988.500; 233.941
values_808; 34; 7954; 1988.500; 233.941
values_809; 34; 7954; 1988.500; 233.941
values_81; 14; 1297; 324.250; 92.642
values_810; 34; 7326; 1831.500; 215.470
values_811; 34; 7327; 1831.750; 215.500
values_812; 34; 7178; 1794.500; 211.117
values_813; 34; 7178; 1794.500; 211.117
values_814; 34; 7277; 1819.250; 214.029
values_815; 34; 7326; 1831.500; 215.470
values_816; 34; 7178; 1794.500; 211.117
values_817; 34; 7327; 1831.750; 215.500
values_818; 34; 7178; 1794.500; 211.117
values_819; 34; 7178; 1794.500; 211.117
values_82; 14; 1297; 324.250; 92.642
values_820; 34; 7178; 1794.500; 211.117
values_821; 34; 7359; 1839.750; 216.441
values_822; 34; 7178; 1794.500; 211.117
values_823; 34; 7308; 1827.000; 214.941
values_824; 34; 7178; 1794.500; 211.117
values_825; 34; 7178; 1794.500; 211.117
values_826; 34; 7178; 1794.500; 211.117
values_827; 34; 7178; 1794.500; 211.117
values_828; 34; 7264; 1816.000; 213.647
values_829; 34; 7178; 1794.500; 211.117
values_83; 14; 1297; 324.250; 92.642
values_830; 34; 7308; 1827.000; 214.941
values_831; 34; 7178; 1794.500; 211.117
values_832; 34; 7178; 1794.500; 211.117
values_833; 34; 7178; 1794.500; 211.117
values_834; 34; 7277; 1819.250; 214.029
values_835; 34; 7326; 1831.500; 215.470
values_836; 39; 7971; 1992.750; 204.384
values_837; 34; 7277; 1819.250; 214.029
values_838; 34; 7178; 1794.500; 211.117
values_839; 34; 7178; 1794.500; 211.117
values_84; 14; 1297; 324.250; 92.642
values_840; 39; 7938; 1984.500; 203.538
values_841; 34; 7264; 1816.000; 213.647
values_842; 34; 7178; 1794.500; 211.117
values_843; 34; 7347; 1836.750; 216.088
values_844; 34; 7178; 1794.500; 211.117
values_845; 34; 7178; 1794.500; 211.117
values_846; 34; 7277; 1819.250; 214.029
values_847; 34; 7331; 1832.750; 215.617
values_848; 34; 7359; 1839.750; 216.441
values_849; 39; 7933; 1983.250; 203.410
values_85; 14; 1297; 324.250; 92.642
values_850; 39; 7997; 1999.250; 205.051
values_851; 34; 7304; 1826.000; 214.823
values_852; 34; 7328; 1832.000; 215.529
values_853; 39; 7939; 1984.750; 203.564
values_854; 34; 7326; 1831.500; 215.470
values_855; 34; 7347; 1836.750; 216.088
values_856; 34; 7359; 1839.750; 216.441
values_857; 34; 7359; 1839.750; 216.441
values_858; 34; 7327; 1831.750; 215.500
values_859; 39; 7977; 1994.250; 204.538
values_86; 14; 1297; 324.250; 92.642
values_860; 39; 7953; 1988.250; 203.923
values_861; 39; 7938; 1984.500; 203.538
values_862; 39; 7939; 1984.750; 203.564
values_863; 39; 7967; 1991.750; 204.282
values_864; 34; 7331; 1832.750; 215.617
values_865; 39; 7966; 1991.500; 204.256
values_866; 39; 7967; 1991.750; 204.282
values_867; 39; 7978; 1994.500; 204.564
values_868; 39; 7954; 1988.500; 203.948
values_869; 34; 7359; 1839.750; 216.441
values_87; 14; 1297; 324.250; 92.642
values_870; 39; 7954; 1988.500; 203.948
values_871; 39; 7954; 1988.500; 203.948
values_872; 39; 7954; 1988.500; 203.948
values_873; 39; 7954; 1988.500; 203.948
values_874; 39; 7954; 1988.500; 203.948
values_875; 39; 7939; 1984.750; 203.564
values_876; 39; 7986; 1996.500; 204.769
values_877; 39; 7939; 1984.750; 203.564
values_878; 39; 7954; 1988.500; 203.948
values_879; 39; 7953; 1988.250; 203.923
values_88; 14; 1297; 324.250; 92.642
values_880; 34; 7178; 1794.500; 211.117
values_881; 34; 7178; 1794.500; 211.117
values_882; 34; 7277; 1819.250; 214.029
values_883; 34; 7178; 1794.500; 211.117
values_884; 34; 7178; 1794.500; 211.117
values_885; 34; 7178; 1794.500; 211.117
values_886; 34; 7178; 1794.500; 211.117
values_887; 34; 7178; 1794.500; 211.117
values_888; 34; 7326; 1831.500; 215.470
values_889; 34; 7178; 1794.500; 211.117
values_89; 14; 1297; 324.250; 92.642
values_890; 34; 7331; 1832.750; 215.617
values_891; 39; 7985; 1996.250; 204.743
values_892; 39; 7953; 1988.250; 203.923
values_893; 39; 7940; 1985.000; 203.589
values_894; 39; 7978; 1994.500; 204.564
values_895; 39; 7965; 1991.250; 204.230
values_896; 39; 7992; 1998.000; 204.923
values_897; 34; 7277; 1819.250; 214.029
values_898; 39; 7939; 1984.750; 203.564
values_899; 39; 7953; 1988.250; 203.923
values_90; 19; 1940; 485.000; 102.105
values_900; 39; 10201; 2550.250; 261.564
values_901; 39; 10201; 2550.250; 261.564
values_902; 39; 10201; 2550.250; 261.564
values_903; 39; 10201; 2550.250; 261.564
values_904; 39; 10201; 2550.250; 261.564
values_905; 39; 10201; 2550.250; 261.564
values_906; 39; 10201; 2550.250; 261.564
values_907; 39; 10201; 2550.250; 261.564
values_908; 39; 10201; 2550.250; 261.564
values_909; 39; 10201; 2550.250; 261.564
values_91; 19; 1984; 496.000; 104.421
values_910; 39; 9080; 2270.000; 232.820
values_911; 39; 8980; 2245.000; 230.256
values_912; 39; 9081; 2270.250; 232.846
values_913; 39; 9559; 2389.750; 245.102
values_914; 39; 9071; 2267.750; 232.589
values_915; 39; 9071; 2267.750; 232.589
values_916; 44; 10181; 2545.250; 231.386
values_917; 39; 9113; 2278.250; 233.666
values_918; 39; 8980; 2245.000; 230.256
values_919; 39; 9081; 2270.250; 232.846
values_92; 19; 1984; 496.000; 104.421
values_920; 39; 8980; 2245.000; 230.256
values_921; 39; 8980; 2245.000; 230.256
values_922; 39; 8980; 2245.000; 230.256
values_923; 39; 8980; 2245.000; 230.256
values_924; 39; 8980; 2245.000; 230.256
values_925; 39; 8980; 2245.000; 230.256
values_926; 39; 8980; 2245.000; 230.256
values_927; 39; 9080; 2270.000; 232.820
values_928; 39; 8980; 2245.000; 230.256
values_929; 39; 8980; 2245.000; 230.256
values_93; 19; 1940; 485.000; 102.105
values_930; 39; 9078; 2269.500; 232.769
values_931; 39; 8980; 2245.000; 230.256
values_932; 39; 8980; 2245.000; 230.256
values_933; 39; 8980; 2245.000; 230.256
values_934; 39; 8980; 2245.000; 230.256
values_935; 39; 9086; 2271.500; 232.974
values_936; 39; 8980; 2245.000; 230.256
values_937; 39; 8980; 2245.000; 230.256
values_938; 39; 9515; 2378.750; 243.974
values_939; 39; 8980; 2245.000; 230.256
values_94; 19; 1984; 496.000; 104.421
values_940; 39; 9470; 2367.500; 242.820
values_941; 44; 10185; 2546.250; 231.477
values_942; 39; 8980; 2245.000; 230.256
values_943; 39; 9573; 2393.250; 245.461
values_944; 39; 9540; 2385.000; 244.615
values_945; 39; 9470; 2367.500; 242.820
values_946; 39; 9097; 2274.250; 233.256
values_947; 39; 8980; 2245.000; 230.256
values_948; 39; 9548; 2387.000; 244.820
values_949; 39; 8980; 2245.000; 230.256
values_95; 19; 1984; 496.000; 104.421
values_950; 44; 10201; 2550.250; 231.840
values_951; 39; 9544; 2386.000; 244.717
values_952; 39; 8980; 2245.000; 230.256
values_953; 39; 9077; 2269.250; 232.743
values_954; 39; 9077; 2269.250; 232.743
values_955; 44; 10198; 2549.500; 231.772
values_956; 39; 9593; 2398.250; 245.974
values_957; 39; 9515; 2378.750; 243.974
values_958; 39; 9079; 2269.750; 232.794
values_959; 39; 9127; 2281.750; 234.025
values_96; 19; 1984; 496.000; 104.421
values_960; 39; 9535; 2383.750; 244.487
values_961; 44; 10198; 2549.500; 231.772
values_962; 44; 10202; 2550.500; 231.863
values_963; 44; 10200; 2550.000; 231.818
values_964; 44; 10182; 2545.500; 231.409
values_965; 44; 10200; 2550.000; 231.818
values_966; 44; 10182; 2545.500; 231.409
values_967; 44; 10201; 2550.250; 231.840
values_968; 44; 10225; 2556.250; 232.386
values_969; 44; 10182; 2545.500; 231.409
values_97; 19; 1940; 485.000; 102.105
values_970; 44; 10201; 2550.250; 231.840
values_971; 44; 10201; 2550.250; 231.840
values_972; 44; 10201; 2550.250; 231.840
values_973; 44; 10201; 2550.250; 231.840
values_974; 39; 9574; 2393.500; 245.487
values_975; 44; 10201; 2550.250; 231.840
values_976; 44; 10201; 2550.250; 231.840
values_977; 44; 10201; 2550.250; 231.840
values_978; 44; 10201; 2550.250; 231.840
values_979; 44; 10201; 2550.250; 231.840
values_98; 19; 1940; 485.000; 102.105
values_980; 39; 8980; 2245.000; 230.256
values_981; 39; 8980; 2245.000; 230.256
values_982; 39; 9080; 2270.000; 232.820
values_983; 39; 8980; 2245.000; 230.256
values_984; 39; 8980; 2245.000; 230.256
values_985; 39; 8980; 2245.000; 230.256
values_986; 39; 8980; 2245.000; 230.256
values_987; 39; 8980; 2245.000; 230.256
values_988; 39; 8980; 2245.000; 230.256
values_989; 39; 8980; 2245.000; 230.256
values_99; 19; 1940; 485.000; 102.105
values_990; 44; 10186; 2546.500; 231.500
values_991; 44; 10182; 2545.500; 231.409
values_992; 44; 10186; 2546.500; 231.500
values_993; 39; 9079; 2269.750; 232.794
values_994; 44; 10219; 2554.750; 232.250
values_995; 39; 9113; 2278.250; 233.666
values_996; 44; 10226; 2556.500; 232.409
values_997; 44; 10226; 2556.500; 232.409
values_998; 39; 9548; 2387.000; 244.820
values_999; 39; 9574; 2393.500; 245.487
