 Incite "Executed C Instr" "Clock Cycle Effective" "Execution Time" CC4CS
0 values_00 27 391 97.75 14.481
1 values_01 26 388 97.0 14.923
2 values_02 26 388 97.0 14.923
3 values_03 27 391 97.75 14.481
4 values_04 27 391 97.75 14.481
5 values_05 27 391 97.75 14.481
6 values_06 27 391 97.75 14.481
7 values_07 26 388 97.0 14.923
8 values_08 27 391 97.75 14.481
9 values_09 27 391 97.75 14.481
10 values_10 1797 25176 6294.0 14.01
11 values_100 10786 149968 37492.0 13.902999999999999
12 values_101 10754 149872 37468.0 13.936
13 values_102 10778 149944 37486.0 13.912
14 values_103 10812 150046 37511.5 13.877
15 values_104 10759 149887 37471.75 13.931
16 values_105 10824 150082 37520.5 13.865
17 values_106 10762 149896 37474.0 13.927999999999999
18 values_107 10760 149890 37472.5 13.93
19 values_108 10754 149872 37468.0 13.936
20 values_109 10764 149902 37475.5 13.925999999999998
21 values_11 1813 25224 6306.0 13.912
22 values_110 9895 137830 34457.5 13.929
23 values_111 9882 137791 34447.75 13.943
24 values_112 9893 137824 34456.0 13.931
25 values_113 9907 137866 34466.5 13.915999999999999
26 values_114 9917 137896 34474.0 13.905
27 values_115 9903 137854 34463.5 13.92
28 values_116 9905 137860 34465.0 13.918
29 values_117 9903 137854 34463.5 13.92
30 values_118 9895 137830 34457.5 13.929
31 values_119 9885 137800 34450.0 13.94
32 values_12 1801 25188 6297.0 13.985
33 values_120 7524 104698 26174.5 13.915
34 values_121 7510 104656 26164.0 13.935
35 values_122 7512 104662 26165.5 13.932
36 values_123 7516 104674 26168.5 13.925999999999998
37 values_124 7516 104674 26168.5 13.925999999999998
38 values_125 7491 104599 26149.75 13.963
39 values_126 7535 104731 26182.75 13.899000000000001
40 values_127 7527 104707 26176.75 13.91
41 values_128 7528 104710 26177.5 13.909
42 values_129 7556 104794 26198.5 13.868
43 values_13 1803 25194 6298.5 13.972999999999999
44 values_130 4304 59593 14898.25 13.845
45 values_131 4271 59494 14873.5 13.929
46 values_132 4271 59494 14873.5 13.929
47 values_133 4274 59503 14875.75 13.922
48 values_134 4265 59476 14869.0 13.945
49 values_135 4267 59482 14870.5 13.94
50 values_136 4300 59581 14895.25 13.856
51 values_137 4266 59479 14869.75 13.942
52 values_138 4284 59533 14883.25 13.895999999999999
53 values_139 4260 59461 14865.25 13.957
54 values_14 1805 25200 6300.0 13.960999999999999
55 values_140 14250 198453 49613.25 13.925999999999998
56 values_141 14238 198417 49604.25 13.935
57 values_142 14235 198408 49602.0 13.937999999999999
58 values_143 14247 198444 49611.0 13.927999999999999
59 values_144 14250 198453 49613.25 13.925999999999998
60 values_145 14236 198411 49602.75 13.937000000000001
61 values_146 14260 198483 49620.75 13.918
62 values_147 14226 198381 49595.25 13.944
63 values_148 14253 198462 49615.5 13.924000000000001
64 values_149 14251 198456 49614.0 13.925
65 values_15 1806 25203 6300.75 13.955
66 values_150 1923 26905 6726.25 13.991
67 values_151 1927 26917 6729.25 13.968
68 values_152 1911 26869 6717.25 14.06
69 values_153 1929 26923 6730.75 13.956
70 values_154 1926 26914 6728.5 13.974
71 values_155 1935 26941 6735.25 13.922
72 values_156 1942 26962 6740.5 13.883
73 values_157 1927 26917 6729.25 13.968
74 values_158 1926 26914 6728.5 13.974
75 values_159 1928 26920 6730.0 13.962
76 values_16 1806 25203 6300.75 13.955
77 values_160 10796 149998 37499.5 13.892999999999999
78 values_161 10744 149842 37460.5 13.946
79 values_162 10755 149875 37468.75 13.935
80 values_163 10779 149947 37486.75 13.911
81 values_164 10767 149911 37477.75 13.923
82 values_165 10777 149941 37485.25 13.913
83 values_166 10753 149869 37467.25 13.937000000000001
84 values_167 10751 149863 37465.75 13.939
85 values_168 10767 149911 37477.75 13.923
86 values_169 10775 149935 37483.75 13.915
87 values_17 1805 25200 6300.0 13.960999999999999
88 values_170 1680 23518 5879.5 13.998
89 values_171 1687 23539 5884.75 13.953
90 values_172 1686 23536 5884.0 13.959000000000001
91 values_173 1685 23533 5883.25 13.966
92 values_174 1681 23521 5880.25 13.992
93 values_175 1690 23548 5887.0 13.933
94 values_176 1674 23500 5875.0 14.038
95 values_177 1693 23557 5889.25 13.914000000000001
96 values_178 1698 23572 5893.0 13.882
97 values_179 1685 23533 5883.25 13.966
98 values_18 1805 25200 6300.0 13.960999999999999
99 values_180 19362 269971 67492.75 13.943
100 values_181 19411 270118 67529.5 13.915
101 values_182 19356 269953 67488.25 13.946
102 values_183 19381 270028 67507.0 13.932
103 values_184 19385 270040 67510.0 13.93
104 values_185 19386 270043 67510.75 13.929
105 values_186 19410 270115 67528.75 13.915999999999999
106 values_187 19412 270121 67530.25 13.915
107 values_188 19390 270055 67513.75 13.927
108 values_189 19391 270058 67514.5 13.925999999999998
109 values_19 1801 25188 6297.0 13.985
110 values_190 26 388 97.0 14.923
111 values_191 26 388 97.0 14.923
112 values_192 27 391 97.75 14.481
113 values_193 26 388 97.0 14.923
114 values_194 26 388 97.0 14.923
115 values_195 27 391 97.75 14.481
116 values_196 26 388 97.0 14.923
117 values_197 27 391 97.75 14.481
118 values_198 27 391 97.75 14.481
119 values_199 27 391 97.75 14.481
120 values_20 12922 180001 45000.25 13.929
121 values_200 707 9949 2487.25 14.072000000000001
122 values_201 708 9952 2488.0 14.056
123 values_202 713 9967 2491.75 13.978
124 values_203 711 9961 2490.25 14.009
125 values_204 703 9937 2484.25 14.135
126 values_205 704 9940 2485.0 14.119000000000002
127 values_206 709 9955 2488.75 14.04
128 values_207 706 9946 2486.5 14.087
129 values_208 711 9961 2490.25 14.009
130 values_209 709 9955 2488.75 14.04
131 values_21 12933 180034 45008.5 13.92
132 values_210 638 8919 2229.75 13.979000000000001
133 values_211 633 8904 2226.0 14.065999999999999
134 values_212 632 8901 2225.25 14.083
135 values_213 635 8910 2227.5 14.030999999999999
136 values_214 630 8895 2223.75 14.119000000000002
137 values_215 631 8898 2224.5 14.100999999999999
138 values_216 637 8916 2229.0 13.995999999999999
139 values_217 642 8931 2232.75 13.911
140 values_218 636 8913 2228.25 14.014000000000001
141 values_219 635 8910 2227.5 14.030999999999999
142 values_22 12914 179977 44994.25 13.936
143 values_220 4265 59476 14869.0 13.945
144 values_221 4264 59473 14868.25 13.947000000000001
145 values_222 4250 59431 14857.75 13.982999999999999
146 values_223 4266 59479 14869.75 13.942
147 values_224 4284 59533 14883.25 13.895999999999999
148 values_225 4256 59449 14862.25 13.968
149 values_226 4272 59497 14874.25 13.927
150 values_227 4268 59485 14871.25 13.937000000000001
151 values_228 4287 59542 14885.5 13.888
152 values_229 4259 59458 14864.5 13.96
153 values_23 12916 179983 44995.75 13.934000000000001
154 values_230 2614 36393 9098.25 13.922
155 values_231 2607 36372 9093.0 13.950999999999999
156 values_232 2614 36393 9098.25 13.922
157 values_233 2625 36426 9106.5 13.876
158 values_234 2611 36384 9096.0 13.934000000000001
159 values_235 2607 36372 9093.0 13.950999999999999
160 values_236 2621 36414 9103.5 13.892999999999999
161 values_237 2613 36390 9097.5 13.925999999999998
162 values_238 2614 36393 9098.25 13.922
163 values_239 2626 36429 9107.25 13.872
164 values_24 12927 180016 45004.0 13.925
165 values_240 9907 137866 34466.5 13.915999999999999
166 values_241 9938 137959 34489.75 13.880999999999998
167 values_242 9880 137785 34446.25 13.945
168 values_243 9914 137887 34471.75 13.908
169 values_244 9901 137848 34462.0 13.922
170 values_245 9913 137884 34471.0 13.909
171 values_246 9927 137926 34481.5 13.894
172 values_247 9913 137884 34471.0 13.909
173 values_248 9933 137944 34486.0 13.887
174 values_249 9910 137875 34468.75 13.912
175 values_25 12957 180106 45026.5 13.9
176 values_250 436 6108 1527.0 14.009
177 values_251 430 6090 1522.5 14.162
178 values_252 429 6087 1521.75 14.187999999999999
179 values_253 434 6102 1525.5 14.059000000000001
180 values_254 433 6099 1524.75 14.085
181 values_255 428 6084 1521.0 14.214
182 values_256 432 6096 1524.0 14.110999999999999
183 values_257 433 6099 1524.75 14.085
184 values_258 429 6087 1521.75 14.187999999999999
185 values_259 429 6087 1521.75 14.187999999999999
186 values_26 12924 180007 45001.75 13.927999999999999
187 values_260 5254 73158 18289.5 13.924000000000001
188 values_261 5245 73131 18282.75 13.942
189 values_262 5256 73164 18291.0 13.92
190 values_263 5265 73191 18297.75 13.901
191 values_264 5245 73131 18282.75 13.942
192 values_265 5241 73119 18279.75 13.950999999999999
193 values_266 5238 73110 18277.5 13.957
194 values_267 5249 73143 18285.75 13.934000000000001
195 values_268 5238 73110 18277.5 13.957
196 values_269 5252 73152 18288.0 13.927999999999999
197 values_27 12920 179995 44998.75 13.931
198 values_270 10479 145848 36462.0 13.918
199 values_271 10472 145827 36456.75 13.925
200 values_272 10497 145902 36475.5 13.899000000000001
201 values_273 10475 145836 36459.0 13.922
202 values_274 10484 145863 36465.75 13.912
203 values_275 10500 145911 36477.75 13.895999999999999
204 values_276 10465 145806 36451.5 13.932
205 values_277 10480 145851 36462.75 13.917
206 values_278 10468 145815 36453.75 13.929
207 values_279 10479 145848 36462.0 13.918
208 values_28 12940 180055 45013.75 13.914000000000001
209 values_280 18989 264553 66138.25 13.931
210 values_281 19033 264685 66171.25 13.905999999999999
211 values_282 18988 264550 66137.5 13.932
212 values_283 18972 264502 66125.5 13.940999999999999
213 values_284 18984 264538 66134.5 13.934000000000001
214 values_285 19023 264655 66163.75 13.912
215 values_286 19070 264796 66199.0 13.885
216 values_287 19017 264637 66159.25 13.915
217 values_288 19030 264676 66169.0 13.908
218 values_289 18985 264541 66135.25 13.934000000000001
219 values_29 12942 180061 45015.25 13.912
220 values_290 8538 118864 29716.0 13.921
221 values_291 8537 118861 29715.25 13.923
222 values_292 8526 118828 29707.0 13.937000000000001
223 values_293 8527 118831 29707.75 13.935
224 values_294 8527 118831 29707.75 13.935
225 values_295 8539 118867 29716.75 13.92
226 values_296 8521 118813 29703.25 13.943
227 values_297 8542 118876 29719.0 13.915999999999999
228 values_298 8544 118882 29720.5 13.914000000000001
229 values_299 8530 118840 29710.0 13.932
230 values_30 1920 26896 6724.0 14.008
231 values_300 4265 59476 14869.0 13.945
232 values_301 4280 59521 14880.25 13.905999999999999
233 values_302 4275 59506 14876.5 13.919
234 values_303 4264 59473 14868.25 13.947000000000001
235 values_304 4290 59551 14887.75 13.880999999999998
236 values_305 4261 59464 14866.0 13.955
237 values_306 4295 59566 14891.5 13.868
238 values_307 4277 59512 14878.0 13.914000000000001
239 values_308 4270 59491 14872.75 13.932
240 values_309 4272 59497 14874.25 13.927
241 values_31 1930 26926 6731.5 13.950999999999999
242 values_310 175 2530 632.5 14.457
243 values_311 177 2536 634.0 14.327
244 values_312 179 2542 635.5 14.200999999999999
245 values_313 177 2536 634.0 14.327
246 values_314 177 2536 634.0 14.327
247 values_315 177 2536 634.0 14.327
248 values_316 177 2536 634.0 14.327
249 values_317 179 2542 635.5 14.200999999999999
250 values_318 177 2536 634.0 14.327
251 values_319 178 2539 634.75 14.264000000000001
252 values_32 1927 26917 6729.25 13.968
253 values_320 176 2533 633.25 14.392000000000001
254 values_321 178 2539 634.75 14.264000000000001
255 values_322 179 2542 635.5 14.200999999999999
256 values_323 179 2542 635.5 14.200999999999999
257 values_324 174 2527 631.75 14.522
258 values_325 177 2536 634.0 14.327
259 values_326 179 2542 635.5 14.200999999999999
260 values_327 178 2539 634.75 14.264000000000001
261 values_328 177 2536 634.0 14.327
262 values_329 180 2545 636.25 14.138
263 values_33 1929 26923 6730.75 13.956
264 values_330 27 391 97.75 14.481
265 values_331 26 388 97.0 14.923
266 values_332 27 391 97.75 14.481
267 values_333 26 388 97.0 14.923
268 values_334 26 388 97.0 14.923
269 values_335 26 388 97.0 14.923
270 values_336 27 391 97.75 14.481
271 values_337 26 388 97.0 14.923
272 values_338 26 388 97.0 14.923
273 values_339 26 388 97.0 14.923
274 values_34 1931 26929 6732.25 13.945
275 values_340 10169 141763 35440.75 13.94
276 values_341 10181 141799 35449.75 13.927
277 values_342 10184 141808 35452.0 13.924000000000001
278 values_343 10186 141814 35453.5 13.922
279 values_344 10199 141853 35463.25 13.908
280 values_345 10222 141922 35480.5 13.883
281 values_346 10184 141808 35452.0 13.924000000000001
282 values_347 10183 141805 35451.25 13.925
283 values_348 10176 141784 35446.0 13.933
284 values_349 10189 141823 35455.75 13.919
285 values_35 1931 26929 6732.25 13.945
286 values_350 19795 275613 68903.25 13.923
287 values_351 19768 275532 68883.0 13.937999999999999
288 values_352 19816 275676 68919.0 13.911
289 values_353 19791 275601 68900.25 13.925
290 values_354 19784 275580 68895.0 13.929
291 values_355 19828 275712 68928.0 13.905
292 values_356 19784 275580 68895.0 13.929
293 values_357 19811 275661 68915.25 13.914000000000001
294 values_358 19764 275520 68880.0 13.94
295 values_359 19793 275607 68901.75 13.924000000000001
296 values_36 1933 26935 6733.75 13.934000000000001
297 values_360 8004 111612 27903.0 13.944
298 values_361 8015 111645 27911.25 13.929
299 values_362 8046 111738 27934.5 13.887
300 values_363 8005 111615 27903.75 13.943
301 values_364 7999 111597 27899.25 13.950999999999999
302 values_365 8030 111690 27922.5 13.909
303 values_366 8022 111666 27916.5 13.919
304 values_367 8029 111687 27921.75 13.91
305 values_368 8025 111675 27918.75 13.915
306 values_369 8005 111615 27903.75 13.943
307 values_37 1926 26914 6728.5 13.974
308 values_370 877 12237 3059.25 13.953
309 values_371 876 12234 3058.5 13.965
310 values_372 870 12216 3054.0 14.040999999999999
311 values_373 873 12225 3056.25 14.003
312 values_374 873 12225 3056.25 14.003
313 values_375 871 12219 3054.75 14.027999999999999
314 values_376 867 12207 3051.75 14.079
315 values_377 872 12222 3055.5 14.015999999999998
316 values_378 884 12258 3064.5 13.866
317 values_379 875 12231 3057.75 13.978
318 values_38 1934 26938 6734.5 13.927999999999999
319 values_380 5918 82107 20526.75 13.874
320 values_381 5880 81993 20498.25 13.944
321 values_382 5888 82017 20504.25 13.929
322 values_383 5873 81972 20493.0 13.957
323 values_384 5890 82023 20505.75 13.925
324 values_385 5886 82011 20502.75 13.933
325 values_386 5887 82014 20503.5 13.931
326 values_387 5905 82068 20517.0 13.898
327 values_388 5896 82041 20510.25 13.914000000000001
328 values_389 5912 82089 20522.25 13.885
329 values_39 1927 26917 6729.25 13.968
330 values_390 4629 64722 16180.5 13.981
331 values_391 4643 64764 16191.0 13.948
332 values_392 4659 64812 16203.0 13.911
333 values_393 4659 64812 16203.0 13.911
334 values_394 4657 64806 16201.5 13.915
335 values_395 4649 64782 16195.5 13.934000000000001
336 values_396 4660 64815 16203.75 13.908
337 values_397 4657 64806 16201.5 13.915
338 values_398 4651 64788 16197.0 13.929
339 values_399 4640 64755 16188.75 13.955
340 values_40 3213 44914 11228.5 13.978
341 values_400 4677 64866 16216.5 13.869000000000002
342 values_401 4654 64797 16199.25 13.922
343 values_402 4654 64797 16199.25 13.922
344 values_403 4647 64776 16194.0 13.939
345 values_404 4658 64809 16202.25 13.913
346 values_405 4645 64770 16192.5 13.944
347 values_406 4646 64773 16193.25 13.940999999999999
348 values_407 4649 64782 16195.5 13.934000000000001
349 values_408 4653 64794 16198.5 13.925
350 values_409 4661 64818 16204.5 13.905999999999999
351 values_41 3234 44977 11244.25 13.907
352 values_410 15282 212862 53215.5 13.927999999999999
353 values_411 15277 212847 53211.75 13.932
354 values_412 15287 212877 53219.25 13.925
355 values_413 15298 212910 53227.5 13.917
356 values_414 15288 212880 53220.0 13.924000000000001
357 values_415 15283 212865 53216.25 13.927999999999999
358 values_416 15314 212958 53239.5 13.905999999999999
359 values_417 15305 212931 53232.75 13.912
360 values_418 15319 212973 53243.25 13.902000000000001
361 values_419 15317 212967 53241.75 13.902999999999999
362 values_42 3222 44941 11235.25 13.948
363 values_420 3724 51952 12988.0 13.95
364 values_421 3731 51973 12993.25 13.93
365 values_422 3724 51952 12988.0 13.95
366 values_423 3735 51985 12996.25 13.918
367 values_424 3739 51997 12999.25 13.905999999999999
368 values_425 3722 51946 12986.5 13.956
369 values_426 3737 51991 12997.75 13.912
370 values_427 3726 51958 12989.5 13.944
371 values_428 3738 51994 12998.5 13.909
372 values_429 3722 51946 12986.5 13.956
373 values_43 3232 44971 11242.75 13.914000000000001
374 values_430 48 705 176.25 14.687000000000001
375 values_431 49 708 177.0 14.448
376 values_432 49 708 177.0 14.448
377 values_433 49 708 177.0 14.448
378 values_434 48 705 176.25 14.687000000000001
379 values_435 47 702 175.5 14.936
380 values_436 49 708 177.0 14.448
381 values_437 47 702 175.5 14.936
382 values_438 48 705 176.25 14.687000000000001
383 values_439 49 708 177.0 14.448
384 values_44 3229 44962 11240.5 13.924000000000001
385 values_440 1044 14692 3673.0 14.072000000000001
386 values_441 1043 14689 3672.25 14.083
387 values_442 1057 14731 3682.75 13.936
388 values_443 1054 14722 3680.5 13.967
389 values_444 1050 14710 3677.5 14.009
390 values_445 1052 14716 3679.0 13.988
391 values_446 1063 14749 3687.25 13.874
392 values_447 1050 14710 3677.5 14.009
393 values_448 1053 14719 3679.75 13.978
394 values_449 1056 14728 3682.0 13.946
395 values_45 3257 45046 11261.5 13.83
396 values_450 5872 81969 20492.25 13.959000000000001
397 values_451 5893 82032 20508.0 13.92
398 values_452 5890 82023 20505.75 13.925
399 values_453 5872 81969 20492.25 13.959000000000001
400 values_454 5889 82020 20505.0 13.927
401 values_455 5903 82062 20515.5 13.901
402 values_456 5889 82020 20505.0 13.927
403 values_457 5903 82062 20515.5 13.901
404 values_458 5891 82026 20506.5 13.923
405 values_459 5881 81996 20499.0 13.942
406 values_46 3220 44935 11233.75 13.954
407 values_460 3558 49575 12393.75 13.933
408 values_461 3565 49596 12399.0 13.911
409 values_462 3562 49587 12396.75 13.921
410 values_463 3568 49605 12401.25 13.902000000000001
411 values_464 3559 49578 12394.5 13.93
412 values_465 3553 49560 12390.0 13.948
413 values_466 3558 49575 12393.75 13.933
414 values_467 3555 49566 12391.5 13.942
415 values_468 3570 49611 12402.75 13.895999999999999
416 values_469 3554 49563 12390.75 13.945
417 values_47 3215 44920 11230.0 13.972000000000001
418 values_470 7530 104716 26179.0 13.905999999999999
419 values_471 7522 104692 26173.0 13.918
420 values_472 7495 104611 26152.75 13.957
421 values_473 7494 104608 26152.0 13.958
422 values_474 7518 104680 26170.0 13.923
423 values_475 7510 104656 26164.0 13.935
424 values_476 7508 104650 26162.5 13.937999999999999
425 values_477 7535 104731 26182.75 13.899000000000001
426 values_478 7508 104650 26162.5 13.937999999999999
427 values_479 7515 104671 26167.75 13.927999999999999
428 values_48 3223 44944 11236.0 13.944
429 values_480 17487 243291 60822.75 13.912
430 values_481 17459 243207 60801.75 13.93
431 values_482 17494 243312 60828.0 13.908
432 values_483 17458 243204 60801.0 13.93
433 values_484 17462 243216 60804.0 13.927999999999999
434 values_485 17458 243204 60801.0 13.93
435 values_486 17444 243162 60790.5 13.939
436 values_487 17461 243213 60803.25 13.927999999999999
437 values_488 17447 243171 60792.75 13.937000000000001
438 values_489 17466 243228 60807.0 13.925
439 values_49 3240 44995 11248.75 13.887
440 values_490 7768 108145 27036.25 13.921
441 values_491 7755 108106 27026.5 13.94
442 values_492 7742 108067 27016.75 13.958
443 values_493 7770 108151 27037.75 13.919
444 values_494 7795 108226 27056.5 13.884
445 values_495 7767 108142 27035.5 13.923
446 values_496 7776 108169 27042.25 13.91
447 values_497 7773 108160 27040.0 13.914000000000001
448 values_498 7777 108172 27043.0 13.909
449 values_499 7758 108115 27028.75 13.935
450 values_50 4846 67516 16879.0 13.932
451 values_500 4849 67525 16881.25 13.925
452 values_501 4843 67507 16876.75 13.939
453 values_502 4857 67549 16887.25 13.907
454 values_503 4853 67537 16884.25 13.915999999999999
455 values_504 4837 67489 16872.25 13.952
456 values_505 4850 67528 16882.0 13.923
457 values_506 4846 67516 16879.0 13.932
458 values_507 4857 67549 16887.25 13.907
459 values_508 4836 67486 16871.5 13.954
460 values_509 4855 67543 16885.75 13.912
461 values_51 4835 67483 16870.75 13.957
462 values_510 14958 208075 52018.75 13.91
463 values_511 14942 208027 52006.75 13.922
464 values_512 14929 207988 51997.0 13.931
465 values_513 14922 207967 51991.75 13.936
466 values_514 14946 208039 52009.75 13.919
467 values_515 14951 208054 52013.5 13.915
468 values_516 14939 208018 52004.5 13.924000000000001
469 values_517 14965 208096 52024.0 13.905
470 values_518 14942 208027 52006.75 13.922
471 values_519 14953 208060 52015.0 13.914000000000001
472 values_52 4845 67513 16878.25 13.934000000000001
473 values_520 3915 54448 13612.0 13.907
474 values_521 3905 54418 13604.5 13.935
475 values_522 3902 54409 13602.25 13.943
476 values_523 3906 54421 13605.25 13.932
477 values_524 3906 54421 13605.25 13.932
478 values_525 3923 54472 13618.0 13.885
479 values_526 3900 54403 13600.75 13.949000000000002
480 values_527 3918 54457 13614.25 13.899000000000001
481 values_528 3891 54376 13594.0 13.974
482 values_529 3905 54418 13604.5 13.935
483 values_53 4852 67534 16883.5 13.918
484 values_530 18226 253798 63449.5 13.925
485 values_531 18230 253810 63452.5 13.922
486 values_532 18252 253876 63469.0 13.909
487 values_533 18246 253858 63464.5 13.913
488 values_534 18198 253714 63428.5 13.940999999999999
489 values_535 18205 253735 63433.75 13.937000000000001
490 values_536 18187 253681 63420.25 13.948
491 values_537 18173 253639 63409.75 13.956
492 values_538 18226 253798 63449.5 13.925
493 values_539 18232 253816 63454.0 13.921
494 values_54 4842 67504 16876.0 13.940999999999999
495 values_540 18227 253801 63450.25 13.924000000000001
496 values_541 18245 253855 63463.75 13.913
497 values_542 18271 253933 63483.25 13.898
498 values_543 18227 253801 63450.25 13.924000000000001
499 values_544 18215 253765 63441.25 13.931
500 values_545 18205 253735 63433.75 13.937000000000001
501 values_546 18215 253765 63441.25 13.931
502 values_547 18200 253720 63430.0 13.94
503 values_548 18249 253867 63466.75 13.911
504 values_549 18189 253687 63421.75 13.947000000000001
505 values_55 4849 67525 16881.25 13.925
506 values_550 9352 130111 32527.75 13.912
507 values_551 9324 130027 32506.75 13.945
508 values_552 9370 130165 32541.25 13.890999999999998
509 values_553 9333 130054 32513.5 13.934000000000001
510 values_554 9348 130099 32524.75 13.917
511 values_555 9349 130102 32525.5 13.915999999999999
512 values_556 9350 130105 32526.25 13.914000000000001
513 values_557 9348 130099 32524.75 13.917
514 values_558 9325 130030 32507.5 13.944
515 values_559 9359 130132 32533.0 13.904000000000002
516 values_56 4883 67627 16906.75 13.849
517 values_560 9354 130117 32529.25 13.91
518 values_561 9330 130045 32511.25 13.937999999999999
519 values_562 9351 130108 32527.0 13.913
520 values_563 9329 130042 32510.5 13.939
521 values_564 9344 130087 32521.75 13.921
522 values_565 9329 130042 32510.5 13.939
523 values_566 9337 130066 32516.5 13.93
524 values_567 9352 130111 32527.75 13.912
525 values_568 9349 130102 32525.5 13.915999999999999
526 values_569 9358 130129 32532.25 13.905
527 values_57 4852 67534 16883.5 13.918
528 values_570 76 1084 271.0 14.263
529 values_571 74 1078 269.5 14.567
530 values_572 74 1078 269.5 14.567
531 values_573 75 1081 270.25 14.413
532 values_574 76 1084 271.0 14.263
533 values_575 75 1081 270.25 14.413
534 values_576 74 1078 269.5 14.567
535 values_577 76 1084 271.0 14.263
536 values_578 75 1081 270.25 14.413
537 values_579 74 1078 269.5 14.567
538 values_58 4839 67495 16873.75 13.948
539 values_580 317 4501 1125.25 14.198
540 values_581 320 4510 1127.5 14.093
541 values_582 322 4516 1129.0 14.024000000000001
542 values_583 323 4519 1129.75 13.99
543 values_584 320 4510 1127.5 14.093
544 values_585 318 4504 1126.0 14.163
545 values_586 320 4510 1127.5 14.093
546 values_587 320 4510 1127.5 14.093
547 values_588 322 4516 1129.0 14.024000000000001
548 values_589 319 4507 1126.75 14.128
549 values_59 4854 67540 16885.0 13.914000000000001
550 values_590 559 7903 1975.75 14.137
551 values_591 563 7915 1978.75 14.058
552 values_592 563 7915 1978.75 14.058
553 values_593 566 7924 1981.0 14.0
554 values_594 568 7930 1982.5 13.960999999999999
555 values_595 568 7930 1982.5 13.960999999999999
556 values_596 566 7924 1981.0 14.0
557 values_597 567 7927 1981.75 13.98
558 values_598 567 7927 1981.75 13.98
559 values_599 562 7912 1978.0 14.078
560 values_60 6336 88219 22054.75 13.923
561 values_600 2774 38488 9622.0 13.874
562 values_601 2759 38443 9610.75 13.933
563 values_602 2757 38437 9609.25 13.940999999999999
564 values_603 2770 38476 9619.0 13.89
565 values_604 2762 38452 9613.0 13.921
566 values_605 2755 38431 9607.75 13.949000000000002
567 values_606 2765 38461 9615.25 13.909
568 values_607 2756 38434 9608.5 13.945
569 values_608 2751 38419 9604.75 13.965
570 values_609 2759 38443 9610.75 13.933
571 values_61 6340 88231 22057.75 13.915999999999999
572 values_610 8786 122499 30624.75 13.942
573 values_611 8803 122550 30637.5 13.921
574 values_612 8842 122667 30666.75 13.873
575 values_613 8830 122631 30657.75 13.887
576 values_614 8797 122532 30633.0 13.927999999999999
577 values_615 8790 122511 30627.75 13.937000000000001
578 values_616 8810 122571 30642.75 13.912
579 values_617 8804 122553 30638.25 13.92
580 values_618 8784 122493 30623.25 13.945
581 values_619 8798 122535 30633.75 13.927
582 values_62 6325 88186 22046.5 13.942
583 values_620 9092 126352 31588.0 13.897
584 values_621 9081 126319 31579.75 13.91
585 values_622 9073 126295 31573.75 13.919
586 values_623 9081 126319 31579.75 13.91
587 values_624 9059 126253 31563.25 13.936
588 values_625 9065 126271 31567.75 13.929
589 values_626 9078 126310 31577.5 13.913
590 values_627 9085 126331 31582.75 13.905
591 values_628 9078 126310 31577.5 13.913
592 values_629 9068 126280 31570.0 13.925
593 values_63 6345 88246 22061.5 13.907
594 values_630 1344 18853 4713.25 14.027000000000001
595 values_631 1345 18856 4714.0 14.019
596 values_632 1361 18904 4726.0 13.889000000000001
597 values_633 1354 18883 4720.75 13.946
598 values_634 1349 18868 4717.0 13.985999999999999
599 values_635 1351 18874 4718.5 13.97
600 values_636 1363 18910 4727.5 13.873
601 values_637 1363 18910 4727.5 13.873
602 values_638 1349 18868 4717.0 13.985999999999999
603 values_639 1365 18916 4729.0 13.857000000000001
604 values_64 6344 88243 22060.75 13.909
605 values_640 5693 79069 19767.25 13.888
606 values_641 5690 79060 19765.0 13.894
607 values_642 5684 79042 19760.5 13.905999999999999
608 values_643 5680 79030 19757.5 13.913
609 values_644 5695 79075 19768.75 13.884
610 values_645 5673 79009 19752.25 13.927
611 values_646 5680 79030 19757.5 13.913
612 values_647 5680 79030 19757.5 13.913
613 values_648 5657 78961 19740.25 13.958
614 values_649 5683 79039 19759.75 13.907
615 values_65 6315 88156 22039.0 13.959000000000001
616 values_650 6798 94639 23659.75 13.921
617 values_651 6796 94633 23658.25 13.924000000000001
618 values_652 6800 94645 23661.25 13.918
619 values_653 6793 94624 23656.0 13.929
620 values_654 6823 94714 23678.5 13.880999999999998
621 values_655 6795 94630 23657.5 13.925999999999998
622 values_656 6798 94639 23659.75 13.921
623 values_657 6785 94600 23650.0 13.942
624 values_658 6795 94630 23657.5 13.925999999999998
625 values_659 6794 94627 23656.75 13.927999999999999
626 values_66 6338 88225 22056.25 13.92
627 values_660 7279 101292 25323.0 13.915
628 values_661 7271 101268 25317.0 13.927
629 values_662 7269 101262 25315.5 13.93
630 values_663 7290 101325 25331.25 13.899000000000001
631 values_664 7269 101262 25315.5 13.93
632 values_665 7290 101325 25331.25 13.899000000000001
633 values_666 7258 101229 25307.25 13.947000000000001
634 values_667 7273 101274 25318.5 13.924000000000001
635 values_668 7283 101304 25326.0 13.909
636 values_669 7269 101262 25315.5 13.93
637 values_67 6344 88243 22060.75 13.909
638 values_670 1803 25194 6298.5 13.972999999999999
639 values_671 1806 25203 6300.75 13.955
640 values_672 1807 25206 6301.5 13.949000000000002
641 values_673 1805 25200 6300.0 13.960999999999999
642 values_674 1795 25170 6292.5 14.022
643 values_675 1807 25206 6301.5 13.949000000000002
644 values_676 1805 25200 6300.0 13.960999999999999
645 values_677 1813 25224 6306.0 13.912
646 values_678 1812 25221 6305.25 13.918
647 values_679 1802 25191 6297.75 13.979000000000001
648 values_68 6356 88279 22069.75 13.889000000000001
649 values_680 21419 298297 74574.25 13.925999999999998
650 values_681 21414 298282 74570.5 13.929
651 values_682 21440 298360 74590.0 13.915999999999999
652 values_683 21432 298336 74584.0 13.92
653 values_684 21420 298300 74575.0 13.925999999999998
654 values_685 21462 298426 74606.5 13.904000000000002
655 values_686 21408 298264 74566.0 13.932
656 values_687 21409 298267 74566.75 13.931
657 values_688 21406 298258 74564.5 13.933
658 values_689 21410 298270 74567.5 13.931
659 values_69 6333 88210 22052.5 13.927999999999999
660 values_690 4276 59509 14877.25 13.915999999999999
661 values_691 4283 59530 14882.5 13.899000000000001
662 values_692 4268 59485 14871.25 13.937000000000001
663 values_693 4257 59452 14863.0 13.965
664 values_694 4281 59524 14881.0 13.904000000000002
665 values_695 4276 59509 14877.25 13.915999999999999
666 values_696 4273 59500 14875.0 13.924000000000001
667 values_697 4261 59464 14866.0 13.955
668 values_698 4272 59497 14874.25 13.927
669 values_699 4252 59437 14859.25 13.978
670 values_70 432 6096 1524.0 14.110999999999999
671 values_700 269 3798 949.5 14.118
672 values_701 267 3792 948.0 14.202
673 values_702 268 3795 948.75 14.16
674 values_703 267 3792 948.0 14.202
675 values_704 262 3777 944.25 14.415999999999999
676 values_705 267 3792 948.0 14.202
677 values_706 267 3792 948.0 14.202
678 values_707 266 3789 947.25 14.244000000000002
679 values_708 269 3798 949.5 14.118
680 values_709 268 3795 948.75 14.16
681 values_71 431 6093 1523.25 14.136
682 values_710 3569 49608 12402.0 13.899000000000001
683 values_711 3557 49572 12393.0 13.936
684 values_712 3562 49587 12396.75 13.921
685 values_713 3568 49605 12401.25 13.902000000000001
686 values_714 3553 49560 12390.0 13.948
687 values_715 3575 49626 12406.5 13.880999999999998
688 values_716 3553 49560 12390.0 13.948
689 values_717 3556 49569 12392.25 13.939
690 values_718 3560 49581 12395.25 13.927
691 values_719 3557 49572 12393.0 13.936
692 values_72 431 6093 1523.25 14.136
693 values_720 10770 149920 37480.0 13.92
694 values_721 10751 149863 37465.75 13.939
695 values_722 10793 149989 37497.25 13.895999999999999
696 values_723 10768 149914 37478.5 13.922
697 values_724 10768 149914 37478.5 13.922
698 values_725 10754 149872 37468.0 13.936
699 values_726 10768 149914 37478.5 13.922
700 values_727 10777 149941 37485.25 13.913
701 values_728 10761 149893 37473.25 13.929
702 values_729 10776 149938 37484.5 13.914000000000001
703 values_73 430 6090 1522.5 14.162
704 values_730 3386 47224 11806.0 13.946
705 values_731 3386 47224 11806.0 13.946
706 values_732 3383 47215 11803.75 13.956
707 values_733 3397 47257 11814.25 13.911
708 values_734 3403 47275 11818.75 13.892000000000001
709 values_735 3386 47224 11806.0 13.946
710 values_736 3396 47254 11813.5 13.914000000000001
711 values_737 3409 47293 11823.25 13.872
712 values_738 3387 47227 11806.75 13.943
713 values_739 3388 47230 11807.5 13.94
714 values_74 436 6108 1527.0 14.009
715 values_740 5046 70303 17575.75 13.932
716 values_741 5050 70315 17578.75 13.923
717 values_742 5038 70279 17569.75 13.949000000000002
718 values_743 5033 70264 17566.0 13.96
719 values_744 5047 70306 17576.5 13.93
720 values_745 5053 70324 17581.0 13.917
721 values_746 5045 70300 17575.0 13.934000000000001
722 values_747 5036 70273 17568.25 13.954
723 values_748 5058 70339 17584.75 13.905999999999999
724 values_749 5047 70306 17576.5 13.93
725 values_75 429 6087 1521.75 14.187999999999999
726 values_750 14560 203110 50777.5 13.949000000000002
727 values_751 14599 203227 50806.75 13.92
728 values_752 14574 203152 50788.0 13.939
729 values_753 14593 203209 50802.25 13.925
730 values_754 14614 203272 50818.0 13.909
731 values_755 14604 203242 50810.5 13.915999999999999
732 values_756 14608 203254 50813.5 13.913
733 values_757 14617 203281 50820.25 13.907
734 values_758 14591 203203 50800.75 13.925999999999998
735 values_759 14613 203269 50817.25 13.91
736 values_76 429 6087 1521.75 14.187999999999999
737 values_760 11672 162487 40621.75 13.921
738 values_761 11659 162448 40612.0 13.933
739 values_762 11666 162469 40617.25 13.925999999999998
740 values_763 11692 162547 40636.75 13.902000000000001
741 values_764 11721 162634 40658.5 13.875
742 values_765 11672 162487 40621.75 13.921
743 values_766 11655 162436 40609.0 13.937000000000001
744 values_767 11655 162436 40609.0 13.937000000000001
745 values_768 11666 162469 40617.25 13.925999999999998
746 values_769 11646 162409 40602.25 13.945
747 values_77 431 6093 1523.25 14.136
748 values_770 19013 264625 66156.25 13.918
749 values_771 18979 264523 66130.75 13.937000000000001
750 values_772 18999 264583 66145.75 13.925999999999998
751 values_773 18992 264562 66140.5 13.93
752 values_774 18970 264496 66124.0 13.942
753 values_775 18974 264508 66127.0 13.94
754 values_776 18973 264505 66126.25 13.940999999999999
755 values_777 18994 264568 66142.0 13.929
756 values_778 19000 264586 66146.5 13.925
757 values_779 19011 264619 66154.75 13.919
758 values_78 434 6102 1525.5 14.059000000000001
759 values_780 9342 130081 32520.25 13.924000000000001
760 values_781 9348 130099 32524.75 13.917
761 values_782 9339 130072 32518.0 13.927
762 values_783 9341 130078 32519.5 13.925
763 values_784 9336 130063 32515.75 13.931
764 values_785 9356 130123 32530.75 13.907
765 values_786 9333 130054 32513.5 13.934000000000001
766 values_787 9348 130099 32524.75 13.917
767 values_788 9334 130057 32514.25 13.933
768 values_789 9333 130054 32513.5 13.934000000000001
769 values_79 433 6099 1524.75 14.085
770 values_790 1351 18874 4718.5 13.97
771 values_791 1355 18886 4721.5 13.937999999999999
772 values_792 1358 18895 4723.75 13.913
773 values_793 1354 18883 4720.75 13.946
774 values_794 1351 18874 4718.5 13.97
775 values_795 1352 18877 4719.25 13.962
776 values_796 1343 18850 4712.5 14.035
777 values_797 1345 18856 4714.0 14.019
778 values_798 1348 18865 4716.25 13.994000000000002
779 values_799 1360 18901 4725.25 13.897
780 values_80 2344 32485 8121.25 13.857999999999999
781 values_800 7252 101211 25302.75 13.956
782 values_801 7286 101313 25328.25 13.905
783 values_802 7272 101271 25317.75 13.925999999999998
784 values_803 7264 101247 25311.75 13.937999999999999
785 values_804 7273 101274 25318.5 13.924000000000001
786 values_805 7257 101226 25306.5 13.948
787 values_806 7263 101244 25311.0 13.939
788 values_807 7279 101292 25323.0 13.915
789 values_808 7265 101250 25312.5 13.936
790 values_809 7290 101325 25331.25 13.899000000000001
791 values_81 2322 32419 8104.75 13.960999999999999
792 values_810 12608 175552 43888.0 13.923
793 values_811 12613 175567 43891.75 13.919
794 values_812 12575 175453 43863.25 13.952
795 values_813 12628 175612 43903.0 13.905999999999999
796 values_814 12629 175615 43903.75 13.905
797 values_815 12601 175531 43882.75 13.929
798 values_816 12613 175567 43891.75 13.919
799 values_817 12633 175627 43906.75 13.902000000000001
800 values_818 12619 175585 43896.25 13.914000000000001
801 values_819 12637 175639 43909.75 13.898
802 values_82 2318 32407 8101.75 13.98
803 values_820 1351 18874 4718.5 13.97
804 values_821 1350 18871 4717.75 13.978
805 values_822 1351 18874 4718.5 13.97
806 values_823 1358 18895 4723.75 13.913
807 values_824 1357 18892 4723.0 13.921
808 values_825 1349 18868 4717.0 13.985999999999999
809 values_826 1350 18871 4717.75 13.978
810 values_827 1345 18856 4714.0 14.019
811 values_828 1357 18892 4723.0 13.921
812 values_829 1344 18853 4713.25 14.027000000000001
813 values_83 2316 32401 8100.25 13.99
814 values_830 2186 30528 7632.0 13.965
815 values_831 2186 30528 7632.0 13.965
816 values_832 2191 30543 7635.75 13.94
817 values_833 2192 30546 7636.5 13.935
818 values_834 2189 30537 7634.25 13.95
819 values_835 2196 30558 7639.5 13.915
820 values_836 2211 30603 7650.75 13.841
821 values_837 2183 30519 7629.75 13.98
822 values_838 2189 30537 7634.25 13.95
823 values_839 2185 30525 7631.25 13.97
824 values_84 2321 32416 8104.0 13.966
825 values_840 16731 232909 58227.25 13.92
826 values_841 16681 232759 58189.75 13.953
827 values_842 16726 232894 58223.5 13.924000000000001
828 values_843 16729 232903 58225.75 13.922
829 values_844 16725 232891 58222.75 13.924000000000001
830 values_845 16734 232918 58229.5 13.918
831 values_846 16709 232843 58210.75 13.935
832 values_847 16735 232921 58230.25 13.918
833 values_848 16726 232894 58223.5 13.924000000000001
834 values_849 16722 232882 58220.5 13.925999999999998
835 values_85 2333 32452 8113.0 13.909
836 values_850 878 12240 3060.0 13.94
837 values_851 869 12213 3053.25 14.054
838 values_852 876 12234 3058.5 13.965
839 values_853 870 12216 3054.0 14.040999999999999
840 values_854 870 12216 3054.0 14.040999999999999
841 values_855 873 12225 3056.25 14.003
842 values_856 857 12177 3044.25 14.208
843 values_857 874 12228 3057.0 13.99
844 values_858 873 12225 3056.25 14.003
845 values_859 872 12222 3055.5 14.015999999999998
846 values_86 2327 32434 8108.5 13.937999999999999
847 values_860 9084 126328 31582.0 13.905999999999999
848 values_861 9044 126208 31552.0 13.954
849 values_862 9079 126313 31578.25 13.912
850 values_863 9082 126322 31580.5 13.909
851 values_864 9060 126256 31564.0 13.935
852 values_865 9053 126235 31558.75 13.943
853 values_866 9098 126370 31592.5 13.889000000000001
854 values_867 9066 126274 31568.5 13.927999999999999
855 values_868 9068 126280 31570.0 13.925
856 values_869 9074 126298 31574.5 13.918
857 values_87 2326 32431 8107.75 13.942
858 values_870 9615 133923 33480.75 13.927999999999999
859 values_871 9613 133917 33479.25 13.93
860 values_872 9649 134025 33506.25 13.89
861 values_873 9615 133923 33480.75 13.927999999999999
862 values_874 9649 134025 33506.25 13.89
863 values_875 9650 134028 33507.0 13.888
864 values_876 9598 133872 33468.0 13.947000000000001
865 values_877 9622 133944 33486.0 13.92
866 values_878 9644 134010 33502.5 13.895
867 values_879 9607 133899 33474.75 13.937000000000001
868 values_88 2330 32443 8110.75 13.924000000000001
869 values_880 75 1081 270.25 14.413
870 values_881 74 1078 269.5 14.567
871 values_882 73 1075 268.75 14.725999999999999
872 values_883 75 1081 270.25 14.413
873 values_884 73 1075 268.75 14.725999999999999
874 values_885 74 1078 269.5 14.567
875 values_886 75 1081 270.25 14.413
876 values_887 75 1081 270.25 14.413
877 values_888 73 1075 268.75 14.725999999999999
878 values_889 73 1075 268.75 14.725999999999999
879 values_89 2322 32419 8104.75 13.960999999999999
880 values_890 2191 30543 7635.75 13.94
881 values_891 2177 30501 7625.25 14.01
882 values_892 2186 30528 7632.0 13.965
883 values_893 2188 30534 7633.5 13.955
884 values_894 2184 30522 7630.5 13.975
885 values_895 2189 30537 7634.25 13.95
886 values_896 2199 30567 7641.75 13.9
887 values_897 2197 30561 7640.25 13.91
888 values_898 2198 30564 7641.0 13.905
889 values_899 2191 30543 7635.75 13.94
890 values_90 4076 56898 14224.5 13.959000000000001
891 values_900 4444 62068 15517.0 13.966
892 values_901 4457 62107 15526.75 13.934000000000001
893 values_902 4454 62098 15524.5 13.942
894 values_903 4476 62164 15541.0 13.888
895 values_904 4449 62083 15520.75 13.954
896 values_905 4461 62119 15529.75 13.924000000000001
897 values_906 4464 62128 15532.0 13.917
898 values_907 4456 62104 15526.0 13.937000000000001
899 values_908 4454 62098 15524.5 13.942
900 values_909 4464 62128 15532.0 13.917
901 values_91 4076 56898 14224.5 13.959000000000001
902 values_910 1247 17431 4357.75 13.978
903 values_911 1242 17416 4354.0 14.022
904 values_912 1242 17416 4354.0 14.022
905 values_913 1254 17452 4363.0 13.917
906 values_914 1247 17431 4357.75 13.978
907 values_915 1246 17428 4357.0 13.987
908 values_916 1238 17404 4351.0 14.058
909 values_917 1249 17437 4359.25 13.96
910 values_918 1253 17449 4362.25 13.925
911 values_919 1247 17431 4357.75 13.978
912 values_92 4099 56967 14241.75 13.897
913 values_920 178 2539 634.75 14.264000000000001
914 values_921 177 2536 634.0 14.327
915 values_922 176 2533 633.25 14.392000000000001
916 values_923 179 2542 635.5 14.200999999999999
917 values_924 178 2539 634.75 14.264000000000001
918 values_925 180 2545 636.25 14.138
919 values_926 178 2539 634.75 14.264000000000001
920 values_927 178 2539 634.75 14.264000000000001
921 values_928 177 2536 634.0 14.327
922 values_929 178 2539 634.75 14.264000000000001
923 values_93 4085 56925 14231.25 13.935
924 values_930 5680 79030 19757.5 13.913
925 values_931 5681 79033 19758.25 13.911
926 values_932 5684 79042 19760.5 13.905999999999999
927 values_933 5698 79084 19771.0 13.879000000000001
928 values_934 5663 78979 19744.75 13.946
929 values_935 5681 79033 19758.25 13.911
930 values_936 5685 79045 19761.25 13.904000000000002
931 values_937 5688 79054 19763.5 13.898
932 values_938 5690 79060 19765.0 13.894
933 values_939 5662 78976 19744.0 13.948
934 values_94 4087 56931 14232.75 13.929
935 values_940 7501 104629 26157.25 13.948
936 values_941 7518 104680 26170.0 13.923
937 values_942 7508 104650 26162.5 13.937999999999999
938 values_943 7503 104635 26158.75 13.945
939 values_944 7541 104749 26187.25 13.89
940 values_945 7516 104674 26168.5 13.925999999999998
941 values_946 7526 104704 26176.0 13.912
942 values_947 7523 104695 26173.75 13.915999999999999
943 values_948 7509 104653 26163.25 13.937000000000001
944 values_949 7506 104644 26161.0 13.940999999999999
945 values_95 4084 56922 14230.5 13.937000000000001
946 values_950 5244 73128 18282.0 13.945
947 values_951 5247 73137 18284.25 13.937999999999999
948 values_952 5256 73164 18291.0 13.92
949 values_953 5240 73116 18279.0 13.953
950 values_954 5259 73173 18293.25 13.913
951 values_955 5262 73182 18295.5 13.907
952 values_956 5260 73176 18294.0 13.911
953 values_957 5273 73215 18303.75 13.884
954 values_958 5242 73122 18280.5 13.949000000000002
955 values_959 5272 73212 18303.0 13.886
956 values_96 4084 56922 14230.5 13.937000000000001
957 values_960 321 4513 1128.25 14.059000000000001
958 values_961 319 4507 1126.75 14.128
959 values_962 322 4516 1129.0 14.024000000000001
960 values_963 320 4510 1127.5 14.093
961 values_964 322 4516 1129.0 14.024000000000001
962 values_965 314 4492 1123.0 14.305
963 values_966 320 4510 1127.5 14.093
964 values_967 316 4498 1124.5 14.234000000000002
965 values_968 318 4504 1126.0 14.163
966 values_969 317 4501 1125.25 14.198
967 values_97 4087 56931 14232.75 13.929
968 values_970 21425 298315 74578.75 13.923
969 values_971 21392 298216 74554.0 13.94
970 values_972 21412 298276 74569.0 13.93
971 values_973 21446 298378 74594.5 13.912
972 values_974 21399 298237 74559.25 13.936
973 values_975 21434 298342 74585.5 13.919
974 values_976 21459 298417 74604.25 13.905999999999999
975 values_977 21435 298345 74586.25 13.918
976 values_978 21400 298240 74560.0 13.936
977 values_979 21423 298309 74577.25 13.924000000000001
978 values_98 4081 56913 14228.25 13.945
979 values_980 20588 286810 71702.5 13.93
980 values_981 20595 286831 71707.75 13.927
981 values_982 20592 286822 71705.5 13.927999999999999
982 values_983 20601 286849 71712.25 13.924000000000001
983 values_984 20579 286783 71695.75 13.935
984 values_985 20602 286852 71713.0 13.923
985 values_986 20642 286972 71743.0 13.902000000000001
986 values_987 20577 286777 71694.25 13.936
987 values_988 20633 286945 71736.25 13.907
988 values_989 20647 286987 71746.75 13.899000000000001
989 values_99 4068 56874 14218.5 13.98
990 values_990 6102 85066 21266.5 13.94
991 values_991 6103 85069 21267.25 13.937999999999999
992 values_992 6121 85123 21280.75 13.905999999999999
993 values_993 6114 85102 21275.5 13.919
994 values_994 6101 85063 21265.75 13.942
995 values_995 6133 85159 21289.75 13.885
996 values_996 6104 85072 21268.0 13.937000000000001
997 values_997 6109 85087 21271.75 13.927999999999999
998 values_998 6108 85084 21271.0 13.929
999 values_999 6106 85078 21269.5 13.933
