Incite; Executed C Instr; Clock Cycle Effective; Execution Time; CC4CS;
values_00; 51; 3330; 832.500; 65.294
values_01; 51; 3330; 832.500; 65.294
values_02; 51; 3330; 832.500; 65.294
values_03; 51; 3330; 832.500; 65.294
values_04; 49; 3345; 836.250; 68.265
values_05; 51; 3330; 832.500; 65.294
values_06; 49; 3345; 836.250; 68.265
values_07; 49; 3345; 836.250; 68.265
values_08; 51; 3330; 832.500; 65.294
values_09; 49; 3345; 836.250; 68.265
values_10; 1273; 95108; 23777.000; 74.711
values_100; 1451; 108833; 27208.250; 75.005
values_101; 1458; 109293; 27323.250; 74.960
values_102; 1453; 108638; 27159.500; 74.768
values_103; 1458; 110103; 27525.750; 75.516
values_104; 1456; 109281; 27320.250; 75.055
values_105; 1447; 108353; 27088.250; 74.881
values_106; 1459; 109799; 27449.750; 75.256
values_107; 1452; 109057; 27264.250; 75.108
values_108; 1463; 110317; 27579.250; 75.404
values_109; 1456; 109157; 27289.250; 74.970
values_11; 1269; 95783; 23945.750; 75.479
values_110; 1045; 78041; 19510.250; 74.680
values_111; 1061; 79989; 19997.250; 75.390
values_112; 1048; 78407; 19601.750; 74.815
values_113; 1048; 77907; 19476.750; 74.338
values_114; 1047; 77513; 19378.250; 74.033
values_115; 1060; 80246; 20061.500; 75.703
values_116; 1044; 77107; 19276.750; 73.857
values_117; 1050; 78058; 19514.500; 74.340
values_118; 1052; 79703; 19925.750; 75.763
values_119; 1050; 79084; 19771.000; 75.318
values_12; 1270; 94199; 23549.750; 74.172
values_120; 1455; 109408; 27352.000; 75.194
values_121; 1462; 110047; 27511.750; 75.271
values_122; 1459; 109604; 27401.000; 75.122
values_123; 1455; 108929; 27232.250; 74.865
values_124; 1453; 108145; 27036.250; 74.428
values_125; 1456; 109728; 27432.000; 75.362
values_126; 1449; 107100; 26775.000; 73.913
values_127; 1452; 109148; 27287.000; 75.170
values_128; 1447; 108245; 27061.250; 74.806
values_129; 1463; 109502; 27375.500; 74.847
values_13; 1280; 96144; 24036.000; 75.112
values_130; 694; 51763; 12940.750; 74.586
values_131; 705; 52933; 13233.250; 75.082
values_132; 703; 52475; 13118.750; 74.644
values_133; 701; 52770; 13192.500; 75.278
values_134; 699; 52170; 13042.500; 74.635
values_135; 698; 52722; 13180.500; 75.532
values_136; 697; 51891; 12972.750; 74.449
values_137; 697; 51373; 12843.250; 73.705
values_138; 701; 52672; 13168.000; 75.138
values_139; 697; 52425; 13106.250; 75.215
values_14; 1277; 95506; 23876.500; 74.789
values_140; 1455; 109460; 27365.000; 75.230
values_141; 1452; 109455; 27363.750; 75.382
values_142; 1447; 108450; 27112.500; 74.948
values_143; 1454; 109355; 27338.750; 75.209
values_144; 1445; 107625; 26906.250; 74.480
values_145; 1460; 109809; 27452.250; 75.211
values_146; 1440; 107189; 26797.250; 74.436
values_147; 1452; 109080; 27270.000; 75.123
values_148; 1448; 107189; 26797.250; 74.025
values_149; 1451; 108124; 27031.000; 74.516
values_15; 1275; 95198; 23799.500; 74.665
values_150; 1338; 100080; 25020.000; 74.798
values_151; 1336; 100321; 25080.250; 75.090
values_152; 1327; 98455; 24613.750; 74.193
values_153; 1338; 100783; 25195.750; 75.323
values_154; 1338; 100386; 25096.500; 75.026
values_155; 1340; 99510; 24877.500; 74.261
values_156; 1332; 98981; 24745.250; 74.310
values_157; 1336; 100562; 25140.500; 75.270
values_158; 1337; 100258; 25064.500; 74.987
values_159; 1338; 99784; 24946.000; 74.576
values_16; 1279; 95892; 23973.000; 74.974
values_160; 1453; 109143; 27285.750; 75.115
values_161; 1454; 109405; 27351.250; 75.244
values_162; 1454; 109129; 27282.250; 75.054
values_163; 1461; 109443; 27360.750; 74.909
values_164; 1452; 109144; 27286.000; 75.168
values_165; 1461; 109880; 27470.000; 75.208
values_166; 1450; 108581; 27145.250; 74.883
values_167; 1457; 108810; 27202.500; 74.680
values_168; 1455; 109049; 27262.250; 74.947
values_169; 1459; 109650; 27412.500; 75.154
values_17; 1274; 94851; 23712.750; 74.451
values_170; 816; 62769; 15692.250; 76.922
values_171; 818; 63144; 15786.000; 77.193
values_172; 819; 63020; 15755.000; 76.947
values_173; 818; 62449; 15612.250; 76.343
values_174; 816; 62705; 15676.250; 76.844
values_175; 818; 62735; 15683.750; 76.693
values_176; 823; 63207; 15801.750; 76.800
values_177; 819; 63394; 15848.500; 77.404
values_178; 816; 63107; 15776.750; 77.337
values_179; 815; 62722; 15680.500; 76.959
values_18; 1270; 95638; 23909.500; 75.305
values_180; 881; 67954; 16988.500; 77.132
values_181; 888; 68396; 17099.000; 77.022
values_182; 878; 67935; 16983.750; 77.374
values_183; 880; 67757; 16939.250; 76.996
values_184; 881; 67665; 16916.250; 76.804
values_185; 885; 68321; 17080.250; 77.198
values_186; 874; 67527; 16881.750; 77.262
values_187; 881; 67830; 16957.500; 76.992
values_188; 885; 68212; 17053.000; 77.075
values_189; 884; 68215; 17053.750; 77.166
values_19; 1272; 95583; 23895.750; 75.143
values_190; 1457; 109350; 27337.500; 75.051
values_191; 1454; 109188; 27297.000; 75.094
values_192; 1455; 109787; 27446.750; 75.454
values_193; 1459; 110121; 27530.250; 75.477
values_194; 1455; 109823; 27455.750; 75.479
values_195; 1455; 109822; 27455.500; 75.479
values_196; 1447; 107368; 26842.000; 74.200
values_197; 1450; 108700; 27175.000; 74.965
values_198; 1454; 109316; 27329.000; 75.182
values_199; 1452; 108362; 27090.500; 74.629
values_20; 299; 22233; 5558.250; 74.357
values_200; 216; 15837; 3959.250; 73.319
values_201; 214; 15809; 3952.250; 73.873
values_202; 212; 14849; 3712.250; 70.042
values_203; 214; 15717; 3929.250; 73.443
values_204; 213; 15050; 3762.500; 70.657
values_205; 214; 15662; 3915.500; 73.186
values_206; 210; 14723; 3680.750; 70.109
values_207; 208; 14738; 3684.500; 70.855
values_208; 210; 14701; 3675.250; 70.004
values_209; 212; 15402; 3850.500; 72.650
values_21; 298; 22077; 5519.250; 74.083
values_210; 1451; 108359; 27089.750; 74.678
values_211; 1455; 108930; 27232.500; 74.865
values_212; 1455; 109294; 27323.500; 75.116
values_213; 1449; 108539; 27134.750; 74.906
values_214; 1460; 109754; 27438.500; 75.173
values_215; 1455; 109453; 27363.250; 75.225
values_216; 1453; 109705; 27426.250; 75.502
values_217; 1450; 108704; 27176.000; 74.968
values_218; 1457; 109444; 27361.000; 75.115
values_219; 1451; 109320; 27330.000; 75.341
values_22; 298; 22290; 5572.500; 74.798
values_220; 317; 23413; 5853.250; 73.858
values_221; 310; 22824; 5706.000; 73.625
values_222; 316; 23566; 5891.500; 74.575
values_223; 315; 23297; 5824.250; 73.958
values_224; 309; 23031; 5757.750; 74.533
values_225; 312; 23237; 5809.250; 74.477
values_226; 319; 23812; 5953.000; 74.645
values_227; 314; 23413; 5853.250; 74.563
values_228; 312; 23017; 5754.250; 73.772
values_229; 314; 23553; 5888.250; 75.009
values_23; 293; 21848; 5462.000; 74.566
values_230; 311; 23235; 5808.750; 74.710
values_231; 311; 22870; 5717.500; 73.536
values_232; 315; 23440; 5860.000; 74.412
values_233; 314; 23406; 5851.500; 74.541
values_234; 313; 23611; 5902.750; 75.434
values_235; 311; 23399; 5849.750; 75.237
values_236; 317; 23900; 5975.000; 75.394
values_237; 316; 23692; 5923.000; 74.974
values_238; 315; 23553; 5888.250; 74.771
values_239; 316; 23544; 5886.000; 74.506
values_24; 299; 22080; 5520.000; 73.846
values_240; 146; 10570; 2642.500; 72.397
values_241; 145; 10640; 2660.000; 73.379
values_242; 145; 10781; 2695.250; 74.351
values_243; 147; 10815; 2703.750; 73.571
values_244; 146; 10592; 2648.000; 72.547
values_245; 147; 10925; 2731.250; 74.319
values_246; 143; 10655; 2663.750; 74.510
values_247; 147; 10974; 2743.500; 74.653
values_248; 145; 10640; 2660.000; 73.379
values_249; 145; 10689; 2672.250; 73.717
values_25; 298; 22302; 5575.500; 74.838
values_250; 472; 34707; 8676.750; 73.531
values_251; 467; 34007; 8501.750; 72.820
values_252; 475; 35126; 8781.500; 73.949
values_253; 462; 32755; 8188.750; 70.898
values_254; 468; 34326; 8581.500; 73.346
values_255; 471; 33970; 8492.500; 72.123
values_256; 462; 33513; 8378.250; 72.538
values_257; 467; 34390; 8597.500; 73.640
values_258; 474; 35270; 8817.500; 74.409
values_259; 471; 34433; 8608.250; 73.106
values_26; 300; 22534; 5633.500; 75.113
values_260; 366; 27186; 6796.500; 74.278
values_261; 366; 27417; 6854.250; 74.909
values_262; 367; 27507; 6876.750; 74.950
values_263; 364; 27076; 6769.000; 74.384
values_264; 367; 27837; 6959.250; 75.850
values_265; 366; 27455; 6863.750; 75.013
values_266; 367; 27402; 6850.500; 74.664
values_267; 370; 27768; 6942.000; 75.048
values_268; 369; 27459; 6864.750; 74.414
values_269; 369; 27766; 6941.500; 75.246
values_27; 298; 22462; 5615.500; 75.375
values_270; 100; 7199; 1799.750; 71.990
values_271; 100; 7040; 1760.000; 70.400
values_272; 100; 7040; 1760.000; 70.400
values_273; 99; 6844; 1711.000; 69.131
values_274; 99; 6844; 1711.000; 69.131
values_275; 99; 6844; 1711.000; 69.131
values_276; 99; 6844; 1711.000; 69.131
values_277; 101; 6829; 1707.250; 67.613
values_278; 100; 7040; 1760.000; 70.400
values_279; 100; 7199; 1799.750; 71.990
values_28; 293; 21962; 5490.500; 74.955
values_280; 623; 46061; 11515.250; 73.934
values_281; 620; 45382; 11345.500; 73.196
values_282; 626; 46100; 11525.000; 73.642
values_283; 624; 46015; 11503.750; 73.741
values_284; 627; 46263; 11565.750; 73.784
values_285; 624; 45986; 11496.500; 73.695
values_286; 625; 45989; 11497.250; 73.582
values_287; 621; 45404; 11351.000; 73.114
values_288; 622; 45940; 11485.000; 73.858
values_289; 621; 45763; 11440.750; 73.692
values_29; 297; 21960; 5490.000; 73.939
values_290; 702; 52976; 13244.000; 75.464
values_291; 692; 51762; 12940.500; 74.800
values_292; 696; 52331; 13082.750; 75.188
values_293; 696; 51827; 12956.750; 74.464
values_294; 701; 52334; 13083.500; 74.656
values_295; 703; 52464; 13116.000; 74.628
values_296; 695; 52058; 13014.500; 74.903
values_297; 696; 51960; 12990.000; 74.655
values_298; 701; 52596; 13149.000; 75.029
values_299; 701; 53133; 13283.250; 75.796
values_30; 293; 21827; 5456.750; 74.494
values_300; 1047; 77292; 19323.000; 73.822
values_301; 1056; 79116; 19779.000; 74.920
values_302; 1048; 78102; 19525.500; 74.524
values_303; 1049; 77274; 19318.500; 73.664
values_304; 1061; 79972; 19993.000; 75.374
values_305; 1059; 80144; 20036.000; 75.678
values_306; 1054; 78701; 19675.250; 74.668
values_307; 1051; 78859; 19714.750; 75.032
values_308; 1046; 77383; 19345.750; 73.979
values_309; 1055; 78628; 19657.000; 74.528
values_31; 295; 21674; 5418.500; 73.471
values_310; 1332; 99796; 24949.000; 74.921
values_311; 1324; 97534; 24383.500; 73.666
values_312; 1343; 100284; 25071.000; 74.671
values_313; 1331; 98784; 24696.000; 74.217
values_314; 1335; 100115; 25028.750; 74.992
values_315; 1341; 100598; 25149.500; 75.017
values_316; 1337; 100534; 25133.500; 75.193
values_317; 1339; 100696; 25174.000; 75.202
values_318; 1332; 100308; 25077.000; 75.306
values_319; 1341; 99844; 24961.000; 74.454
values_32; 296; 21279; 5319.750; 71.888
values_320; 364; 26938; 6734.500; 74.005
values_321; 372; 27832; 6958.000; 74.817
values_322; 366; 27140; 6785.000; 74.153
values_323; 370; 27666; 6916.500; 74.772
values_324; 365; 27249; 6812.250; 74.654
values_325; 368; 27242; 6810.500; 74.027
values_326; 372; 27839; 6959.750; 74.836
values_327; 368; 27652; 6913.000; 75.141
values_328; 371; 27941; 6985.250; 75.312
values_329; 370; 27751; 6937.750; 75.002
values_33; 293; 21413; 5353.250; 73.081
values_330; 1055; 79315; 19828.750; 75.180
values_331; 1054; 79114; 19778.500; 75.060
values_332; 1059; 80143; 20035.750; 75.677
values_333; 1051; 78786; 19696.500; 74.962
values_334; 1058; 80115; 20028.750; 75.723
values_335; 1055; 79654; 19913.500; 75.501
values_336; 1059; 79918; 19979.500; 75.465
values_337; 1061; 80343; 20085.750; 75.723
values_338; 1048; 77575; 19393.750; 74.021
values_339; 1050; 78428; 19607.000; 74.693
values_34; 298; 22467; 5616.750; 75.392
values_340; 1568; 116359; 29089.750; 74.208
values_341; 1575; 118248; 29562.000; 75.078
values_342; 1578; 118636; 29659.000; 75.181
values_343; 1568; 118171; 29542.750; 75.364
values_344; 1584; 119914; 29978.500; 75.703
values_345; 1568; 117801; 29450.250; 75.128
values_346; 1573; 117751; 29437.750; 74.857
values_347; 1568; 117315; 29328.750; 74.818
values_348; 1580; 118887; 29721.750; 75.244
values_349; 1567; 117258; 29314.500; 74.829
values_35; 296; 22237; 5559.250; 75.125
values_350; 1044; 76442; 19110.500; 73.220
values_351; 1044; 77175; 19293.750; 73.922
values_352; 1051; 78529; 19632.250; 74.718
values_353; 1047; 78139; 19534.750; 74.631
values_354; 1051; 77767; 19441.750; 73.993
values_355; 1045; 76740; 19185.000; 73.435
values_356; 1044; 76719; 19179.750; 73.485
values_357; 1049; 77496; 19374.000; 73.876
values_358; 1054; 80106; 20026.500; 76.001
values_359; 1057; 78475; 19618.750; 74.243
values_36; 295; 21996; 5499.000; 74.562
values_360; 796; 60178; 15044.500; 75.600
values_361; 791; 59918; 14979.500; 75.749
values_362; 798; 60132; 15033.000; 75.353
values_363; 792; 60088; 15022.000; 75.868
values_364; 800; 60703; 15175.750; 75.878
values_365; 794; 59952; 14988.000; 75.506
values_366; 789; 59462; 14865.500; 75.363
values_367; 792; 60613; 15153.250; 76.531
values_368; 796; 60400; 15100.000; 75.879
values_369; 793; 60086; 15021.500; 75.770
values_37; 295; 21933; 5483.250; 74.349
values_370; 102; 7184; 1796.000; 70.431
values_371; 99; 6844; 1711.000; 69.131
values_372; 100; 7040; 1760.000; 70.400
values_373; 98; 7055; 1763.750; 71.989
values_374; 102; 7184; 1796.000; 70.431
values_375; 100; 7040; 1760.000; 70.400
values_376; 100; 7199; 1799.750; 71.990
values_377; 102; 7184; 1796.000; 70.431
values_378; 100; 7199; 1799.750; 71.990
values_379; 100; 7040; 1760.000; 70.400
values_38; 298; 21999; 5499.750; 73.822
values_380; 1484; 110893; 27723.250; 74.725
values_381; 1474; 110412; 27603.000; 74.906
values_382; 1487; 111219; 27804.750; 74.794
values_383; 1483; 111179; 27794.750; 74.968
values_384; 1491; 111481; 27870.250; 74.769
values_385; 1482; 111021; 27755.250; 74.912
values_386; 1491; 111987; 27996.750; 75.108
values_387; 1481; 110265; 27566.250; 74.453
values_388; 1482; 109871; 27467.750; 74.136
values_389; 1487; 111007; 27751.750; 74.651
values_39; 300; 22429; 5607.250; 74.763
values_390; 51; 3330; 832.500; 65.294
values_391; 51; 3330; 832.500; 65.294
values_392; 51; 3330; 832.500; 65.294
values_393; 51; 3330; 832.500; 65.294
values_394; 51; 3330; 832.500; 65.294
values_395; 49; 3345; 836.250; 68.265
values_396; 49; 3345; 836.250; 68.265
values_397; 51; 3330; 832.500; 65.294
values_398; 51; 3330; 832.500; 65.294
values_399; 51; 3330; 832.500; 65.294
values_40; 212; 15402; 3850.500; 72.650
values_400; 1558; 116101; 29025.250; 74.519
values_401; 1554; 116387; 29096.750; 74.895
values_402; 1547; 115487; 28871.750; 74.652
values_403; 1552; 116503; 29125.750; 75.066
values_404; 1554; 116447; 29111.750; 74.933
values_405; 1550; 116443; 29110.750; 75.124
values_406; 1558; 116895; 29223.750; 75.028
values_407; 1549; 115814; 28953.500; 74.766
values_408; 1550; 115798; 28949.500; 74.708
values_409; 1553; 115831; 28957.750; 74.585
values_41; 212; 15286; 3821.500; 72.103
values_410; 1325; 98288; 24572.000; 74.179
values_411; 1337; 100435; 25108.750; 75.119
values_412; 1336; 100274; 25068.500; 75.055
values_413; 1331; 99067; 24766.750; 74.430
values_414; 1334; 99557; 24889.250; 74.630
values_415; 1328; 98758; 24689.500; 74.365
values_416; 1322; 97662; 24415.500; 73.874
values_417; 1327; 98608; 24652.000; 74.308
values_418; 1329; 99958; 24989.500; 75.212
values_419; 1333; 99525; 24881.250; 74.662
values_42; 212; 15683; 3920.750; 73.976
values_420; 813; 62537; 15634.250; 76.921
values_421; 811; 62152; 15538.000; 76.636
values_422; 821; 62888; 15722.000; 76.599
values_423; 819; 62187; 15546.750; 75.930
values_424; 820; 62813; 15703.250; 76.601
values_425; 823; 63701; 15925.250; 77.400
values_426; 818; 62866; 15716.500; 76.853
values_427; 812; 61938; 15484.500; 76.278
values_428; 821; 62761; 15690.250; 76.444
values_429; 818; 62679; 15669.750; 76.624
values_43; 213; 15213; 3803.250; 71.422
values_430; 466; 33893; 8473.250; 72.731
values_431; 472; 34458; 8614.500; 73.004
values_432; 471; 34283; 8570.750; 72.787
values_433; 470; 34250; 8562.500; 72.872
values_434; 469; 34101; 8525.250; 72.710
values_435; 470; 33578; 8394.500; 71.442
values_436; 473; 35080; 8770.000; 74.164
values_437; 470; 34498; 8624.500; 73.400
values_438; 472; 34724; 8681.000; 73.567
values_439; 470; 34192; 8548.000; 72.748
values_44; 212; 15261; 3815.250; 71.985
values_440; 1347; 99824; 24956.000; 74.108
values_441; 1358; 101166; 25291.500; 74.496
values_442; 1358; 101607; 25401.750; 74.821
values_443; 1359; 101963; 25490.750; 75.027
values_444; 1356; 100707; 25176.750; 74.267
values_445; 1366; 102930; 25732.500; 75.351
values_446; 1362; 103040; 25760.000; 75.653
values_447; 1353; 101325; 25331.250; 74.889
values_448; 1361; 102497; 25624.250; 75.310
values_449; 1357; 101495; 25373.750; 74.793
values_45; 212; 15677; 3919.250; 73.948
values_450; 363; 27150; 6787.500; 74.793
values_451; 366; 27454; 6863.500; 75.010
values_452; 368; 27641; 6910.250; 75.111
values_453; 370; 27561; 6890.250; 74.489
values_454; 368; 27605; 6901.250; 75.013
values_455; 367; 27423; 6855.750; 74.722
values_456; 371; 28100; 7025.000; 75.741
values_457; 369; 27565; 6891.250; 74.701
values_458; 367; 27726; 6931.500; 75.547
values_459; 368; 27256; 6814.000; 74.065
values_46; 212; 15402; 3850.500; 72.650
values_460; 211; 14946; 3736.500; 70.834
values_461; 214; 15436; 3859.000; 72.130
values_462; 215; 15439; 3859.750; 71.809
values_463; 211; 15056; 3764.000; 71.355
values_464; 209; 14912; 3728.000; 71.349
values_465; 214; 14812; 3703.000; 69.214
values_466; 210; 14864; 3716.000; 70.780
values_467; 214; 15711; 3927.750; 73.415
values_468; 215; 15592; 3898.000; 72.520
values_469; 211; 14946; 3736.500; 70.834
values_47; 218; 15932; 3983.000; 73.082
values_470; 1453; 108650; 27162.500; 74.776
values_471; 1453; 108206; 27051.500; 74.470
values_472; 1460; 110030; 27507.500; 75.363
values_473; 1447; 108996; 27249.000; 75.325
values_474; 1448; 108945; 27236.250; 75.238
values_475; 1450; 108943; 27235.750; 75.133
values_476; 1452; 109132; 27283.000; 75.159
values_477; 1458; 109017; 27254.250; 74.771
values_478; 1459; 109081; 27270.250; 74.764
values_479; 1464; 109852; 27463.000; 75.035
values_48; 214; 15809; 3952.250; 73.873
values_480; 1055; 79686; 19921.500; 75.531
values_481; 1055; 77980; 19495.000; 73.914
values_482; 1056; 78805; 19701.250; 74.625
values_483; 1059; 80151; 20037.750; 75.685
values_484; 1050; 77795; 19448.750; 74.090
values_485; 1043; 76622; 19155.500; 73.463
values_486; 1055; 79769; 19942.250; 75.610
values_487; 1056; 79018; 19754.500; 74.827
values_488; 1044; 76368; 19092.000; 73.149
values_489; 1048; 77742; 19435.500; 74.181
values_49; 215; 15439; 3859.750; 71.809
values_490; 49; 3345; 836.250; 68.265
values_491; 51; 3330; 832.500; 65.294
values_492; 49; 3345; 836.250; 68.265
values_493; 51; 3330; 832.500; 65.294
values_494; 49; 3345; 836.250; 68.265
values_495; 51; 3330; 832.500; 65.294
values_496; 51; 3330; 832.500; 65.294
values_497; 49; 3345; 836.250; 68.265
values_498; 49; 3345; 836.250; 68.265
values_499; 51; 3330; 832.500; 65.294
values_50; 1486; 111795; 27948.750; 75.232
values_500; 147; 10766; 2691.500; 73.238
values_501; 145; 10689; 2672.250; 73.717
values_502; 147; 10974; 2743.500; 74.653
values_503; 144; 10444; 2611.000; 72.527
values_504; 147; 10784; 2696.000; 73.360
values_505; 145; 10781; 2695.250; 74.351
values_506; 145; 10781; 2695.250; 74.351
values_507; 147; 10766; 2691.500; 73.238
values_508; 145; 10689; 2672.250; 73.717
values_509; 146; 10429; 2607.250; 71.431
values_51; 1491; 110704; 27676.000; 74.248
values_510; 295; 21780; 5445.000; 73.830
values_511; 295; 21698; 5424.500; 73.552
values_512; 296; 22252; 5563.000; 75.175
values_513; 296; 21927; 5481.750; 74.077
values_514; 298; 22467; 5616.750; 75.392
values_515; 295; 22140; 5535.000; 75.050
values_516; 293; 21795; 5448.750; 74.385
values_517; 293; 21942; 5485.500; 74.887
values_518; 297; 22140; 5535.000; 74.545
values_519; 295; 21490; 5372.500; 72.847
values_52; 1480; 110769; 27692.250; 74.843
values_520; 99; 6844; 1711.000; 69.131
values_521; 99; 6844; 1711.000; 69.131
values_522; 100; 7040; 1760.000; 70.400
values_523; 100; 7199; 1799.750; 71.990
values_524; 100; 7199; 1799.750; 71.990
values_525; 99; 6844; 1711.000; 69.131
values_526; 98; 7055; 1763.750; 71.989
values_527; 101; 6829; 1707.250; 67.613
values_528; 100; 7040; 1760.000; 70.400
values_529; 100; 7040; 1760.000; 70.400
values_53; 1494; 112267; 28066.750; 75.145
values_530; 1246; 93494; 23373.500; 75.035
values_531; 1251; 93767; 23441.750; 74.953
values_532; 1247; 92916; 23229.000; 74.511
values_533; 1240; 93073; 23268.250; 75.058
values_534; 1243; 93017; 23254.250; 74.832
values_535; 1252; 94438; 23609.500; 75.429
values_536; 1236; 91721; 22930.250; 74.207
values_537; 1239; 92395; 23098.750; 74.572
values_538; 1246; 93679; 23419.750; 75.183
values_539; 1236; 91486; 22871.500; 74.017
values_54; 1478; 110262; 27565.500; 74.602
values_540; 788; 59920; 14980.000; 76.040
values_541; 794; 60572; 15143.000; 76.287
values_542; 795; 60449; 15112.250; 76.036
values_543; 788; 60255; 15063.750; 76.465
values_544; 783; 59274; 14818.500; 75.701
values_545; 790; 60161; 15040.250; 76.153
values_546; 790; 60017; 15004.250; 75.970
values_547; 796; 60412; 15103.000; 75.894
values_548; 789; 59418; 14854.500; 75.307
values_549; 783; 59305; 14826.250; 75.740
values_55; 1484; 111656; 27914.000; 75.239
values_550; 1485; 111540; 27885.000; 75.111
values_551; 1485; 111932; 27983.000; 75.375
values_552; 1483; 112106; 28026.500; 75.594
values_553; 1484; 111257; 27814.250; 74.971
values_554; 1482; 110516; 27629.000; 74.572
values_555; 1495; 112062; 28015.500; 74.957
values_556; 1484; 110935; 27733.750; 74.754
values_557; 1492; 112132; 28033.000; 75.155
values_558; 1480; 110856; 27714.000; 74.902
values_559; 1485; 111520; 27880.000; 75.097
values_56; 1486; 111423; 27855.750; 74.981
values_560; 687; 50766; 12691.500; 73.895
values_561; 676; 49737; 12434.250; 73.575
values_562; 681; 50445; 12611.250; 74.074
values_563; 685; 50854; 12713.500; 74.239
values_564; 682; 50345; 12586.250; 73.819
values_565; 677; 49990; 12497.500; 73.840
values_566; 686; 50917; 12729.250; 74.223
values_567; 686; 50525; 12631.250; 73.651
values_568; 683; 50637; 12659.250; 74.139
values_569; 678; 50262; 12565.500; 74.132
values_57; 1493; 111312; 27828.000; 74.555
values_570; 145; 10689; 2672.250; 73.717
values_571; 149; 10959; 2739.750; 73.550
values_572; 145; 10799; 2699.750; 74.475
values_573; 145; 10781; 2695.250; 74.351
values_574; 146; 10570; 2642.500; 72.397
values_575; 144; 10466; 2616.500; 72.680
values_576; 145; 10799; 2699.750; 74.475
values_577; 149; 10959; 2739.750; 73.550
values_578; 145; 10689; 2672.250; 73.717
values_579; 144; 10607; 2651.750; 73.659
values_58; 1490; 111995; 27998.750; 75.164
values_580; 1364; 101714; 25428.500; 74.570
values_581; 1364; 102100; 25525.000; 74.853
values_582; 1353; 100862; 25215.500; 74.546
values_583; 1361; 102373; 25593.250; 75.218
values_584; 1356; 101185; 25296.250; 74.620
values_585; 1355; 100773; 25193.250; 74.371
values_586; 1363; 102562; 25640.500; 75.247
values_587; 1362; 101411; 25352.750; 74.457
values_588; 1359; 102007; 25501.750; 75.060
values_589; 1353; 99876; 24969.000; 73.818
values_59; 1494; 112049; 28012.250; 74.999
values_590; 1555; 116128; 29032.000; 74.680
values_591; 1558; 116834; 29208.500; 74.989
values_592; 1562; 117028; 29257.000; 74.921
values_593; 1545; 115629; 28907.250; 74.840
values_594; 1553; 116326; 29081.500; 74.904
values_595; 1551; 115940; 28985.000; 74.751
values_596; 1553; 116106; 29026.500; 74.762
values_597; 1559; 116154; 29038.500; 74.505
values_598; 1549; 116089; 29022.250; 74.944
values_599; 1554; 116540; 29135.000; 74.993
values_60; 599; 44673; 11168.250; 74.579
values_600; 622; 46104; 11526.000; 74.122
values_601; 626; 46539; 11634.750; 74.343
values_602; 623; 46100; 11525.000; 73.996
values_603; 619; 45706; 11426.500; 73.838
values_604; 616; 44982; 11245.500; 73.022
values_605; 621; 45054; 11263.500; 72.550
values_606; 620; 45366; 11341.500; 73.170
values_607; 621; 45636; 11409.000; 73.487
values_608; 627; 46464; 11616.000; 74.105
values_609; 621; 45754; 11438.500; 73.677
values_61; 602; 44503; 11125.750; 73.925
values_610; 361; 27133; 6783.250; 75.160
values_611; 372; 27841; 6960.250; 74.841
values_612; 371; 27655; 6913.750; 74.541
values_613; 372; 27945; 6986.250; 75.120
values_614; 366; 27124; 6781.000; 74.109
values_615; 370; 27713; 6928.250; 74.900
values_616; 368; 27574; 6893.500; 74.929
values_617; 370; 27745; 6936.250; 74.986
values_618; 367; 27685; 6921.250; 75.435
values_619; 366; 27601; 6900.250; 75.412
values_62; 603; 44319; 11079.750; 73.497
values_620; 1272; 95356; 23839.000; 74.965
values_621; 1277; 95709; 23927.250; 74.948
values_622; 1274; 95634; 23908.500; 75.065
values_623; 1274; 95721; 23930.250; 75.134
values_624; 1274; 95030; 23757.500; 74.591
values_625; 1274; 95387; 23846.750; 74.872
values_626; 1270; 95512; 23878.000; 75.206
values_627; 1271; 94823; 23705.750; 74.605
values_628; 1272; 95483; 23870.750; 75.065
values_629; 1269; 94951; 23737.750; 74.823
values_63; 600; 44684; 11171.000; 74.473
values_630; 1448; 108644; 27161.000; 75.030
values_631; 1463; 109895; 27473.750; 75.116
values_632; 1458; 109362; 27340.500; 75.008
values_633; 1456; 108929; 27232.250; 74.813
values_634; 1451; 108935; 27233.750; 75.075
values_635; 1459; 109715; 27428.750; 75.198
values_636; 1453; 109233; 27308.250; 75.177
values_637; 1460; 109599; 27399.750; 75.067
values_638; 1447; 108692; 27173.000; 75.115
values_639; 1452; 108335; 27083.750; 74.610
values_64; 600; 43892; 10973.000; 73.153
values_640; 1359; 101892; 25473.000; 74.975
values_641; 1363; 101822; 25455.500; 74.704
values_642; 1362; 101745; 25436.250; 74.702
values_643; 1360; 102440; 25610.000; 75.323
values_644; 1359; 102098; 25524.500; 75.127
values_645; 1349; 99301; 24825.250; 73.610
values_646; 1364; 102489; 25622.250; 75.138
values_647; 1357; 101338; 25334.500; 74.677
values_648; 1363; 102185; 25546.250; 74.970
values_649; 1349; 100158; 25039.500; 74.246
values_65; 600; 43848; 10962.000; 73.080
values_650; 1555; 116183; 29045.750; 74.715
values_651; 1551; 115577; 28894.250; 74.517
values_652; 1566; 117706; 29426.500; 75.163
values_653; 1550; 115662; 28915.500; 74.620
values_654; 1563; 117719; 29429.750; 75.316
values_655; 1552; 115775; 28943.750; 74.597
values_656; 1549; 115527; 28881.750; 74.581
values_657; 1549; 116238; 29059.500; 75.040
values_658; 1557; 116949; 29237.250; 75.111
values_659; 1542; 115310; 28827.500; 74.779
values_66; 594; 43428; 10857.000; 73.111
values_660; 370; 27251; 6812.750; 73.651
values_661; 371; 28095; 7023.750; 75.727
values_662; 373; 28117; 7029.250; 75.380
values_663; 367; 27412; 6853.000; 74.692
values_664; 365; 27557; 6889.250; 75.498
values_665; 369; 27975; 6993.750; 75.813
values_666; 374; 27959; 6989.750; 74.756
values_667; 364; 27329; 6832.250; 75.079
values_668; 370; 27743; 6935.750; 74.981
values_669; 370; 27732; 6933.000; 74.951
values_67; 598; 44157; 11039.250; 73.841
values_670; 145; 10781; 2695.250; 74.351
values_671; 147; 10925; 2731.250; 74.319
values_672; 147; 10925; 2731.250; 74.319
values_673; 147; 10815; 2703.750; 73.571
values_674; 147; 10974; 2743.500; 74.653
values_675; 147; 10925; 2731.250; 74.319
values_676; 145; 10781; 2695.250; 74.351
values_677; 147; 10815; 2703.750; 73.571
values_678; 148; 10555; 2638.750; 71.317
values_679; 143; 10655; 2663.750; 74.510
values_68; 601; 44401; 11100.250; 73.878
values_680; 1236; 91118; 22779.500; 73.720
values_681; 1250; 93843; 23460.750; 75.074
values_682; 1235; 91472; 22868.000; 74.066
values_683; 1238; 92786; 23196.500; 74.948
values_684; 1245; 93234; 23308.500; 74.886
values_685; 1243; 92074; 23018.500; 74.074
values_686; 1249; 94224; 23556.000; 75.439
values_687; 1241; 92253; 23063.250; 74.337
values_688; 1246; 94109; 23527.250; 75.528
values_689; 1245; 93852; 23463.000; 75.383
values_69; 597; 43546; 10886.500; 72.941
values_690; 885; 67855; 16963.750; 76.672
values_691; 883; 68116; 17029.000; 77.141
values_692; 881; 67608; 16902.000; 76.740
values_693; 886; 68587; 17146.750; 77.411
values_694; 877; 67057; 16764.250; 76.461
values_695; 876; 66029; 16507.250; 75.375
values_696; 883; 68148; 17037.000; 77.177
values_697; 881; 67652; 16913.000; 76.790
values_698; 882; 67789; 16947.250; 76.858
values_699; 880; 67746; 16936.500; 76.984
values_70; 1356; 100955; 25238.750; 74.450
values_700; 794; 59923; 14980.750; 75.469
values_701; 789; 59321; 14830.250; 75.185
values_702; 790; 59886; 14971.500; 75.805
values_703; 791; 59678; 14919.500; 75.446
values_704; 788; 59505; 14876.250; 75.513
values_705; 787; 59712; 14928.000; 75.872
values_706; 792; 59632; 14908.000; 75.292
values_707; 795; 60562; 15140.500; 76.178
values_708; 799; 60805; 15201.250; 76.101
values_709; 798; 59996; 14999.000; 75.182
values_71; 1363; 102149; 25537.250; 74.944
values_710; 1239; 91849; 22962.250; 74.131
values_711; 1240; 92397; 23099.250; 74.513
values_712; 1235; 91449; 22862.250; 74.047
values_713; 1244; 93050; 23262.500; 74.799
values_714; 1241; 92024; 23006.000; 74.153
values_715; 1246; 92758; 23189.500; 74.444
values_716; 1236; 91388; 22847.000; 73.938
values_717; 1252; 93340; 23335.000; 74.552
values_718; 1237; 91481; 22870.250; 73.953
values_719; 1247; 94191; 23547.750; 75.534
values_72; 1358; 102157; 25539.250; 75.226
values_720; 1244; 93145; 23286.250; 74.875
values_721; 1251; 93611; 23402.750; 74.828
values_722; 1254; 94704; 23676.000; 75.521
values_723; 1246; 92697; 23174.250; 74.395
values_724; 1246; 93374; 23343.500; 74.939
values_725; 1249; 93695; 23423.750; 75.016
values_726; 1242; 92459; 23114.750; 74.443
values_727; 1250; 93458; 23364.500; 74.766
values_728; 1244; 93512; 23378.000; 75.170
values_729; 1250; 93626; 23406.500; 74.900
values_73; 1359; 102041; 25510.250; 75.085
values_730; 1551; 116209; 29052.250; 74.925
values_731; 1550; 115777; 28944.250; 74.694
values_732; 1547; 115950; 28987.500; 74.951
values_733; 1561; 117301; 29325.250; 75.144
values_734; 1558; 116639; 29159.750; 74.864
values_735; 1554; 115847; 28961.750; 74.547
values_736; 1557; 117074; 29268.500; 75.192
values_737; 1554; 116578; 29144.500; 75.018
values_738; 1560; 117024; 29256.000; 75.015
values_739; 1551; 115812; 28953.000; 74.669
values_74; 1363; 102870; 25717.500; 75.473
values_740; 683; 50569; 12642.250; 74.039
values_741; 676; 49384; 12346.000; 73.053
values_742; 679; 50064; 12516.000; 73.731
values_743; 677; 49781; 12445.250; 73.531
values_744; 669; 49054; 12263.500; 73.324
values_745; 677; 50008; 12502.000; 73.867
values_746; 684; 50567; 12641.750; 73.928
values_747; 679; 50284; 12571.000; 74.055
values_748; 681; 50599; 12649.750; 74.301
values_749; 681; 50517; 12629.250; 74.180
values_75; 1356; 101346; 25336.500; 74.738
values_750; 466; 33899; 8474.750; 72.744
values_751; 472; 34432; 8608.000; 72.949
values_752; 460; 33236; 8309.000; 72.252
values_753; 473; 34901; 8725.250; 73.786
values_754; 471; 33893; 8473.250; 71.959
values_755; 474; 34487; 8621.750; 72.757
values_756; 464; 33280; 8320.000; 71.724
values_757; 466; 33757; 8439.250; 72.439
values_758; 469; 34046; 8511.500; 72.592
values_759; 473; 35049; 8762.250; 74.099
values_76; 1358; 101399; 25349.750; 74.667
values_760; 1452; 109793; 27448.250; 75.615
values_761; 1458; 109429; 27357.250; 75.054
values_762; 1454; 109595; 27398.750; 75.374
values_763; 1451; 108661; 27165.250; 74.886
values_764; 1461; 109982; 27495.500; 75.278
values_765; 1466; 110460; 27615.000; 75.347
values_766; 1456; 109498; 27374.500; 75.204
values_767; 1459; 109904; 27476.000; 75.328
values_768; 1456; 108969; 27242.250; 74.841
values_769; 1454; 109667; 27416.750; 75.424
values_77; 1347; 99406; 24851.500; 73.798
values_770; 1545; 115489; 28872.250; 74.750
values_771; 1548; 114987; 28746.750; 74.281
values_772; 1558; 116775; 29193.750; 74.951
values_773; 1547; 115706; 28926.500; 74.793
values_774; 1551; 116368; 29092.000; 75.027
values_775; 1553; 116327; 29081.750; 74.904
values_776; 1553; 116133; 29033.250; 74.779
values_777; 1551; 116144; 29036.000; 74.883
values_778; 1557; 116904; 29226.000; 75.082
values_779; 1551; 115964; 28991.000; 74.767
values_78; 1366; 102214; 25553.500; 74.827
values_780; 702; 52210; 13052.500; 74.373
values_781; 693; 51702; 12925.500; 74.606
values_782; 693; 51597; 12899.250; 74.454
values_783; 702; 52646; 13161.500; 74.994
values_784; 703; 52426; 13106.500; 74.574
values_785; 701; 52063; 13015.750; 74.269
values_786; 697; 51721; 12930.250; 74.205
values_787; 703; 52757; 13189.250; 75.045
values_788; 698; 52315; 13078.750; 74.949
values_789; 696; 52186; 13046.500; 74.979
values_79; 1364; 102005; 25501.250; 74.783
values_790; 702; 52425; 13106.250; 74.679
values_791; 702; 52329; 13082.250; 74.542
values_792; 703; 52133; 13033.250; 74.157
values_793; 699; 52301; 13075.250; 74.822
values_794; 698; 52087; 13021.750; 74.623
values_795; 696; 52371; 13092.750; 75.245
values_796; 705; 52731; 13182.750; 74.795
values_797; 698; 52071; 13017.750; 74.600
values_798; 705; 52933; 13233.250; 75.082
values_799; 702; 52474; 13118.500; 74.749
values_80; 1559; 116448; 29112.000; 74.694
values_800; 100; 7040; 1760.000; 70.400
values_801; 100; 7040; 1760.000; 70.400
values_802; 101; 6829; 1707.250; 67.613
values_803; 102; 7184; 1796.000; 70.431
values_804; 101; 6829; 1707.250; 67.613
values_805; 102; 7184; 1796.000; 70.431
values_806; 100; 7040; 1760.000; 70.400
values_807; 99; 6844; 1711.000; 69.131
values_808; 100; 7040; 1760.000; 70.400
values_809; 100; 7199; 1799.750; 71.990
values_81; 1560; 116214; 29053.500; 74.496
values_810; 686; 50851; 12712.750; 74.126
values_811; 683; 50116; 12529.000; 73.376
values_812; 677; 50216; 12554.000; 74.174
values_813; 678; 50110; 12527.500; 73.908
values_814; 683; 50650; 12662.500; 74.158
values_815; 675; 49121; 12280.250; 72.771
values_816; 673; 48997; 12249.250; 72.803
values_817; 683; 50266; 12566.500; 73.595
values_818; 677; 49917; 12479.250; 73.732
values_819; 680; 49899; 12474.750; 73.380
values_82; 1553; 116280; 29070.000; 74.874
values_820; 699; 52688; 13172.000; 75.376
values_821; 694; 51783; 12945.750; 74.615
values_822; 700; 52095; 13023.750; 74.421
values_823; 696; 51629; 12907.250; 74.179
values_824; 701; 52360; 13090.000; 74.693
values_825; 703; 52793; 13198.250; 75.096
values_826; 697; 52592; 13148.000; 75.454
values_827; 695; 52550; 13137.500; 75.611
values_828; 702; 52065; 13016.250; 74.166
values_829; 702; 52634; 13158.500; 74.977
values_83; 1555; 115913; 28978.250; 74.542
values_830; 1575; 118528; 29632.000; 75.255
values_831; 1575; 119435; 29858.750; 75.831
values_832; 1577; 118282; 29570.500; 75.004
values_833; 1570; 117176; 29294.000; 74.634
values_834; 1572; 117419; 29354.750; 74.694
values_835; 1575; 119610; 29902.500; 75.942
values_836; 1577; 118269; 29567.250; 74.996
values_837; 1567; 117576; 29394.000; 75.032
values_838; 1565; 117355; 29338.750; 74.987
values_839; 1576; 118785; 29696.250; 75.371
values_84; 1555; 116199; 29049.750; 74.726
values_840; 212; 15451; 3862.750; 72.882
values_841; 212; 14849; 3712.250; 70.042
values_842; 214; 15711; 3927.750; 73.415
values_843; 211; 15087; 3771.750; 71.502
values_844; 211; 14897; 3724.250; 70.601
values_845; 212; 15402; 3850.500; 72.650
values_846; 212; 14827; 3706.750; 69.938
values_847; 213; 15488; 3872.000; 72.713
values_848; 212; 15469; 3867.250; 72.966
values_849; 216; 15837; 3959.250; 73.319
values_85; 1557; 116793; 29198.250; 75.011
values_850; 472; 34248; 8562.000; 72.559
values_851; 467; 33757; 8439.250; 72.284
values_852; 470; 34441; 8610.250; 73.278
values_853; 474; 34384; 8596.000; 72.540
values_854; 472; 34707; 8676.750; 73.531
values_855; 473; 34960; 8740.000; 73.911
values_856; 470; 34615; 8653.750; 73.648
values_857; 468; 34259; 8564.750; 73.202
values_858; 474; 34384; 8596.000; 72.540
values_859; 468; 34593; 8648.250; 73.916
values_86; 1552; 116714; 29178.500; 75.202
values_860; 292; 21168; 5292.000; 72.493
values_861; 296; 21857; 5464.250; 73.841
values_862; 297; 22059; 5514.750; 74.272
values_863; 297; 22129; 5532.250; 74.508
values_864; 296; 21848; 5462.000; 73.810
values_865; 295; 21815; 5453.750; 73.949
values_866; 295; 21698; 5424.500; 73.552
values_867; 297; 22149; 5537.250; 74.575
values_868; 294; 21784; 5446.000; 74.095
values_869; 298; 22443; 5610.750; 75.312
values_87; 1545; 115468; 28867.000; 74.736
values_870; 101; 6829; 1707.250; 67.613
values_871; 100; 7199; 1799.750; 71.990
values_872; 98; 7055; 1763.750; 71.989
values_873; 99; 6844; 1711.000; 69.131
values_874; 99; 6844; 1711.000; 69.131
values_875; 101; 6829; 1707.250; 67.613
values_876; 99; 6844; 1711.000; 69.131
values_877; 98; 7055; 1763.750; 71.989
values_878; 100; 7199; 1799.750; 71.990
values_879; 100; 7040; 1760.000; 70.400
values_88; 1550; 116027; 29006.750; 74.856
values_880; 144; 10444; 2611.000; 72.527
values_881; 147; 10974; 2743.500; 74.653
values_882; 147; 10766; 2691.500; 73.238
values_883; 145; 10781; 2695.250; 74.351
values_884; 146; 10570; 2642.500; 72.397
values_885; 145; 10848; 2712.000; 74.813
values_886; 145; 10848; 2712.000; 74.813
values_887; 148; 10555; 2638.750; 71.317
values_888; 146; 10570; 2642.500; 72.397
values_889; 146; 10429; 2607.250; 71.431
values_89; 1562; 117426; 29356.500; 75.176
values_890; 1249; 93036; 23259.000; 74.488
values_891; 1244; 92827; 23206.750; 74.619
values_892; 1248; 93446; 23361.500; 74.876
values_893; 1247; 93209; 23302.250; 74.746
values_894; 1236; 90830; 22707.500; 73.487
values_895; 1244; 93432; 23358.000; 75.106
values_896; 1250; 93211; 23302.750; 74.568
values_897; 1233; 90970; 22742.500; 73.779
values_898; 1247; 93446; 23361.500; 74.936
values_899; 1247; 93873; 23468.250; 75.279
values_90; 1265; 93793; 23448.250; 74.144
values_900; 1482; 111348; 27837.000; 75.133
values_901; 1485; 111456; 27864.000; 75.054
values_902; 1495; 112197; 28049.250; 75.048
values_903; 1482; 110914; 27728.500; 74.840
values_904; 1488; 111716; 27929.000; 75.077
values_905; 1492; 112190; 28047.500; 75.194
values_906; 1486; 112078; 28019.500; 75.422
values_907; 1485; 111481; 27870.250; 75.071
values_908; 1488; 111339; 27834.750; 74.824
values_909; 1486; 111410; 27852.500; 74.973
values_91; 1274; 95206; 23801.500; 74.729
values_910; 1054; 79005; 19751.250; 74.957
values_911; 1055; 79575; 19893.750; 75.426
values_912; 1047; 77270; 19317.500; 73.801
values_913; 1049; 77418; 19354.500; 73.801
values_914; 1045; 77365; 19341.250; 74.033
values_915; 1047; 77523; 19380.750; 74.042
values_916; 1059; 79550; 19887.500; 75.118
values_917; 1061; 79959; 19989.750; 75.361
values_918; 1052; 77800; 19450.000; 73.954
values_919; 1054; 79637; 19909.250; 75.556
values_92; 1272; 95389; 23847.250; 74.991
values_920; 1056; 78681; 19670.250; 74.508
values_921; 1054; 78826; 19706.500; 74.787
values_922; 1053; 78530; 19632.500; 74.577
values_923; 1053; 77987; 19496.750; 74.061
values_924; 1064; 80489; 20122.250; 75.647
values_925; 1060; 80167; 20041.750; 75.629
values_926; 1058; 79952; 19988.000; 75.568
values_927; 1063; 80403; 20100.750; 75.637
values_928; 1055; 79230; 19807.500; 75.099
values_929; 1058; 79653; 19913.250; 75.286
values_93; 1276; 95696; 23924.000; 74.996
values_930; 469; 33669; 8417.250; 71.788
values_931; 471; 33809; 8452.250; 71.781
values_932; 474; 34817; 8704.250; 73.453
values_933; 472; 34708; 8677.000; 73.533
values_934; 475; 35056; 8764.000; 73.802
values_935; 468; 33572; 8393.000; 71.735
values_936; 471; 34523; 8630.750; 73.297
values_937; 467; 33376; 8344.000; 71.468
values_938; 472; 34172; 8543.000; 72.398
values_939; 467; 34337; 8584.250; 73.526
values_94; 1279; 96209; 24052.250; 75.222
values_940; 1340; 100505; 25126.250; 75.003
values_941; 1335; 100055; 25013.750; 74.947
values_942; 1342; 101017; 25254.250; 75.273
values_943; 1328; 98842; 24710.500; 74.429
values_944; 1337; 99970; 24992.500; 74.771
values_945; 1328; 99071; 24767.750; 74.601
values_946; 1340; 100149; 25037.250; 74.738
values_947; 1337; 100167; 25041.750; 74.919
values_948; 1326; 98379; 24594.750; 74.192
values_949; 1332; 99576; 24894.000; 74.756
values_95; 1273; 95289; 23822.250; 74.853
values_950; 310; 22811; 5702.750; 73.583
values_951; 311; 22770; 5692.500; 73.215
values_952; 313; 23373; 5843.250; 74.674
values_953; 315; 23645; 5911.250; 75.063
values_954; 311; 23052; 5763.000; 74.122
values_955; 314; 23523; 5880.750; 74.914
values_956; 314; 23522; 5880.500; 74.910
values_957; 309; 23121; 5780.250; 74.825
values_958; 314; 23422; 5855.500; 74.592
values_959; 317; 23716; 5929.000; 74.813
values_96; 1269; 94679; 23669.750; 74.609
values_960; 703; 52761; 13190.250; 75.051
values_961; 698; 52107; 13026.750; 74.651
values_962; 705; 52585; 13146.250; 74.588
values_963; 694; 51437; 12859.250; 74.116
values_964; 699; 51924; 12981.000; 74.283
values_965; 700; 52083; 13020.750; 74.404
values_966; 702; 52545; 13136.250; 74.850
values_967; 697; 52407; 13101.750; 75.189
values_968; 699; 52034; 13008.500; 74.440
values_969; 705; 53233; 13308.250; 75.507
values_97; 1269; 94631; 23657.750; 74.571
values_970; 1363; 102182; 25545.500; 74.968
values_971; 1367; 102399; 25599.750; 74.907
values_972; 1355; 100691; 25172.750; 74.310
values_973; 1355; 101722; 25430.500; 75.071
values_974; 1364; 102787; 25696.750; 75.357
values_975; 1361; 102201; 25550.250; 75.092
values_976; 1348; 100649; 25162.250; 74.665
values_977; 1358; 101376; 25344.000; 74.650
values_978; 1363; 102571; 25642.750; 75.253
values_979; 1347; 100767; 25191.750; 74.808
values_98; 1269; 95214; 23803.500; 75.030
values_980; 1329; 99353; 24838.250; 74.757
values_981; 1332; 99282; 24820.500; 74.536
values_982; 1332; 99221; 24805.250; 74.490
values_983; 1333; 99421; 24855.250; 74.584
values_984; 1340; 100883; 25220.750; 75.285
values_985; 1331; 99462; 24865.500; 74.727
values_986; 1339; 100461; 25115.250; 75.026
values_987; 1332; 98691; 24672.750; 74.092
values_988; 1329; 99746; 24936.500; 75.053
values_989; 1336; 100284; 25071.000; 75.062
values_99; 1266; 94578; 23644.500; 74.706
values_990; 1052; 78266; 19566.500; 74.397
values_991; 1057; 79792; 19948.000; 75.489
values_992; 1057; 79349; 19837.250; 75.070
values_993; 1047; 77781; 19445.250; 74.289
values_994; 1051; 78293; 19573.250; 74.493
values_995; 1046; 77818; 19454.500; 74.395
values_996; 1046; 77489; 19372.250; 74.081
values_997; 1047; 77550; 19387.500; 74.068
values_998; 1057; 78786; 19696.500; 74.537
values_999; 1048; 77311; 19327.750; 73.770
