Incite; Executed C Instr; Clock Cycle Effective; Execution Time; CC4CS;
values_00; 35; 1208; 302.000; 34.514
values_01; 35; 1208; 302.000; 34.514
values_02; 35; 1208; 302.000; 34.514
values_03; 35; 1208; 302.000; 34.514
values_04; 35; 1208; 302.000; 34.514
values_05; 35; 1208; 302.000; 34.514
values_06; 35; 1208; 302.000; 34.514
values_07; 35; 1208; 302.000; 34.514
values_08; 35; 1208; 302.000; 34.514
values_09; 35; 1208; 302.000; 34.514
values_10; 942; 37971; 9492.750; 40.308
values_100; 112; 4737; 1184.250; 42.294
values_101; 169; 7023; 1755.750; 41.556
values_102; 214; 8495; 2123.750; 39.696
values_103; 207; 8394; 2098.500; 40.550
values_104; 152; 6137; 1534.250; 40.375
values_105; 198; 7733; 1933.250; 39.055
values_106; 186; 7584; 1896.000; 40.774
values_107; 174; 7410; 1852.500; 42.586
values_108; 194; 7823; 1955.750; 40.324
values_109; 132; 5428; 1357.000; 41.121
values_11; 792; 32464; 8116.000; 40.989
values_110; 68; 2510; 627.500; 36.911
values_111; 68; 2510; 627.500; 36.911
values_112; 68; 2510; 627.500; 36.911
values_113; 51; 1963; 490.750; 38.490
values_114; 51; 1963; 490.750; 38.490
values_115; 68; 2510; 627.500; 36.911
values_116; 51; 1963; 490.750; 38.490
values_117; 51; 1963; 490.750; 38.490
values_118; 51; 1963; 490.750; 38.490
values_119; 51; 1963; 490.750; 38.490
values_12; 743; 30361; 7590.250; 40.862
values_120; 385; 16008; 4002.000; 41.579
values_121; 422; 17527; 4381.750; 41.533
values_122; 422; 17558; 4389.500; 41.606
values_123; 412; 16806; 4201.500; 40.791
values_124; 335; 14087; 3521.750; 42.050
values_125; 331; 13627; 3406.750; 41.169
values_126; 414; 17294; 4323.500; 41.772
values_127; 356; 14656; 3664.000; 41.168
values_128; 408; 16798; 4199.500; 41.171
values_129; 405; 16952; 4238.000; 41.856
values_13; 934; 39083; 9770.750; 41.844
values_130; 2122; 89123; 22280.750; 41.999
values_131; 2237; 93045; 23261.250; 41.593
values_132; 2239; 91974; 22993.500; 41.078
values_133; 2406; 99460; 24865.000; 41.338
values_134; 2538; 103788; 25947.000; 40.893
values_135; 2156; 88624; 22156.000; 41.105
values_136; 2033; 83776; 20944.000; 41.208
values_137; 1964; 80104; 20026.000; 40.786
values_138; 2195; 90656; 22664.000; 41.301
values_139; 1660; 69112; 17278.000; 41.633
values_14; 883; 36622; 9155.500; 41.474
values_140; 939; 38416; 9604.000; 40.911
values_141; 980; 41039; 10259.750; 41.876
values_142; 1147; 46517; 11629.250; 40.555
values_143; 934; 38332; 9583.000; 41.040
values_144; 884; 37382; 9345.500; 42.287
values_145; 1057; 43797; 10949.250; 41.435
values_146; 908; 39046; 9761.500; 43.002
values_147; 1048; 42604; 10651.000; 40.652
values_148; 892; 37230; 9307.500; 41.737
values_149; 1062; 43891; 10972.750; 41.328
values_15; 734; 30200; 7550.000; 41.144
values_150; 1901; 79535; 19883.750; 41.838
values_151; 1785; 75540; 18885.000; 42.319
values_152; 2134; 88617; 22154.250; 41.526
values_153; 2011; 83470; 20867.500; 41.506
values_154; 2027; 83847; 20961.750; 41.365
values_155; 2095; 89108; 22277.000; 42.533
values_156; 2068; 85695; 21423.750; 41.438
values_157; 2052; 84322; 21080.500; 41.092
values_158; 2361; 95709; 23927.250; 40.537
values_159; 2141; 88157; 22039.250; 41.175
values_16; 796; 32793; 8198.250; 41.197
values_160; 1113; 46743; 11685.750; 41.997
values_161; 1181; 49779; 12444.750; 42.149
values_162; 1239; 51165; 12791.250; 41.295
values_163; 990; 41511; 10377.750; 41.930
values_164; 1183; 49496; 12374.000; 41.839
values_165; 959; 40217; 10054.250; 41.936
values_166; 1174; 47527; 11881.750; 40.482
values_167; 867; 38380; 9595.000; 44.267
values_168; 1098; 45210; 11302.500; 41.174
values_169; 974; 39989; 9997.250; 41.056
values_17; 862; 37114; 9278.500; 43.055
values_170; 1366; 58459; 14614.750; 42.795
values_171; 1448; 60160; 15040.000; 41.546
values_172; 1409; 58977; 14744.250; 41.857
values_173; 1334; 55008; 13752.000; 41.235
values_174; 1666; 67612; 16903.000; 40.583
values_175; 1348; 57897; 14474.250; 42.950
values_176; 1468; 61327; 15331.750; 41.775
values_177; 1507; 63160; 15790.000; 41.911
values_178; 1226; 51567; 12891.750; 42.061
values_179; 1350; 56793; 14198.250; 42.068
values_18; 763; 32736; 8184.000; 42.904
values_180; 2775; 115344; 28836.000; 41.565
values_181; 2559; 106844; 26711.000; 41.752
values_182; 2758; 114122; 28530.500; 41.378
values_183; 2632; 107115; 26778.750; 40.697
values_184; 2591; 107861; 26965.250; 41.629
values_185; 2592; 105270; 26317.500; 40.613
values_186; 2395; 99406; 24851.500; 41.505
values_187; 2072; 86010; 21502.500; 41.510
values_188; 2308; 96899; 24224.750; 41.983
values_189; 2644; 109956; 27489.000; 41.586
values_19; 937; 38988; 9747.000; 41.609
values_190; 1985; 85157; 21289.250; 42.900
values_191; 2078; 88050; 22012.500; 42.372
values_192; 1753; 72582; 18145.500; 41.404
values_193; 1748; 73413; 18353.250; 41.998
values_194; 2262; 93787; 23446.750; 41.461
values_195; 2142; 90401; 22600.250; 42.204
values_196; 2234; 90323; 22580.750; 40.431
values_197; 1978; 81197; 20299.250; 41.050
values_198; 1951; 80540; 20135.000; 41.281
values_199; 2106; 87741; 21935.250; 41.662
values_20; 88; 3545; 886.250; 40.284
values_200; 2322; 96745; 24186.250; 41.664
values_201; 2404; 98797; 24699.250; 41.096
values_202; 2464; 100284; 25071.000; 40.699
values_203; 2206; 92599; 23149.750; 41.975
values_204; 2153; 88274; 22068.500; 41.000
values_205; 2748; 112642; 28160.500; 40.990
values_206; 2034; 83758; 20939.500; 41.178
values_207; 2296; 96460; 24115.000; 42.012
values_208; 2512; 104160; 26040.000; 41.464
values_209; 2455; 100562; 25140.500; 40.962
values_21; 55; 2236; 559.000; 40.654
values_210; 1815; 75550; 18887.500; 41.625
values_211; 1556; 65602; 16400.500; 42.160
values_212; 1732; 72436; 18109.000; 41.822
values_213; 1584; 67242; 16810.500; 42.450
values_214; 1435; 60374; 15093.500; 42.072
values_215; 1736; 72408; 18102.000; 41.709
values_216; 1594; 65993; 16498.250; 41.400
values_217; 1630; 68016; 17004.000; 41.727
values_218; 1688; 69361; 17340.250; 41.090
values_219; 1663; 71056; 17764.000; 42.727
values_22; 84; 3253; 813.250; 38.726
values_220; 1090; 45135; 11283.750; 41.408
values_221; 940; 39905; 9976.250; 42.452
values_222; 855; 35385; 8846.250; 41.385
values_223; 724; 31023; 7755.750; 42.849
values_224; 1025; 42871; 10717.750; 41.825
values_225; 1162; 47128; 11782.000; 40.557
values_226; 840; 36505; 9126.250; 43.458
values_227; 773; 32472; 8118.000; 42.007
values_228; 875; 36086; 9021.500; 41.241
values_229; 1018; 42946; 10736.500; 42.186
values_23; 96; 3735; 933.750; 38.906
values_230; 509; 21850; 5462.500; 42.927
values_231; 439; 18472; 4618.000; 42.077
values_232; 571; 24140; 6035.000; 42.276
values_233; 543; 22517; 5629.250; 41.467
values_234; 483; 20988; 5247.000; 43.453
values_235; 386; 16048; 4012.000; 41.575
values_236; 589; 24039; 6009.750; 40.813
values_237; 549; 22731; 5682.750; 41.404
values_238; 542; 23120; 5780.000; 42.656
values_239; 628; 25905; 6476.250; 41.250
values_24; 96; 3735; 933.750; 38.906
values_240; 263; 10852; 2713.000; 41.262
values_241; 312; 12222; 3055.500; 39.173
values_242; 296; 11842; 2960.500; 40.006
values_243; 156; 6658; 1664.500; 42.679
values_244; 185; 7928; 1982.000; 42.854
values_245; 177; 7750; 1937.500; 43.785
values_246; 156; 6615; 1653.750; 42.403
values_247; 243; 9810; 2452.500; 40.370
values_248; 202; 8254; 2063.500; 40.861
values_249; 181; 7480; 1870.000; 41.325
values_25; 96; 3735; 933.750; 38.906
values_250; 476; 19858; 4964.500; 41.718
values_251; 567; 24453; 6113.250; 43.126
values_252; 597; 25287; 6321.750; 42.356
values_253; 506; 21776; 5444.000; 43.035
values_254; 572; 23491; 5872.750; 41.068
values_255; 712; 29660; 7415.000; 41.657
values_256; 606; 25665; 6416.250; 42.351
values_257; 632; 27385; 6846.250; 43.330
values_258; 468; 20040; 5010.000; 42.820
values_259; 415; 17821; 4455.250; 42.942
values_26; 84; 3253; 813.250; 38.726
values_260; 2886; 119400; 29850.000; 41.372
values_261; 2706; 109524; 27381.000; 40.474
values_262; 3038; 123660; 30915.000; 40.704
values_263; 2713; 112620; 28155.000; 41.511
values_264; 2549; 106692; 26673.000; 41.856
values_265; 2483; 104543; 26135.750; 42.103
values_266; 2174; 93640; 23410.000; 43.072
values_267; 2925; 120377; 30094.250; 41.154
values_268; 2416; 101729; 25432.250; 42.106
values_269; 2321; 98836; 24709.000; 42.583
values_27; 105; 4098; 1024.500; 39.028
values_270; 1234; 51969; 12992.250; 42.114
values_271; 1455; 59926; 14981.500; 41.186
values_272; 1731; 71565; 17891.250; 41.343
values_273; 1489; 62601; 15650.250; 42.042
values_274; 1590; 67315; 16828.750; 42.336
values_275; 1734; 71278; 17819.500; 41.106
values_276; 1236; 51813; 12953.250; 41.919
values_277; 1750; 71070; 17767.500; 40.611
values_278; 1550; 66162; 16540.500; 42.685
values_279; 1492; 61676; 15419.000; 41.337
values_28; 97; 3859; 964.750; 39.783
values_280; 1949; 81504; 20376.000; 41.818
values_281; 2028; 83041; 20760.250; 40.947
values_282; 1996; 83392; 20848.000; 41.779
values_283; 1938; 80086; 20021.500; 41.324
values_284; 1790; 76807; 19201.750; 42.908
values_285; 1968; 81620; 20405.000; 41.473
values_286; 1830; 77109; 19277.250; 42.136
values_287; 1870; 77153; 19288.250; 41.258
values_288; 1963; 81667; 20416.750; 41.603
values_289; 1752; 73566; 18391.500; 41.989
values_29; 84; 3253; 813.250; 38.726
values_290; 804; 33606; 8401.500; 41.798
values_291; 800; 33333; 8333.250; 41.666
values_292; 707; 29669; 7417.250; 41.964
values_293; 905; 36706; 9176.500; 40.559
values_294; 825; 34123; 8530.750; 41.361
values_295; 670; 28119; 7029.750; 41.968
values_296; 732; 31534; 7883.500; 43.079
values_297; 750; 30431; 7607.750; 40.574
values_298; 802; 33815; 8453.750; 42.163
values_299; 670; 28843; 7210.750; 43.049
values_30; 2379; 95814; 23953.500; 40.274
values_300; 1130; 48391; 12097.750; 42.823
values_301; 1194; 48664; 12166.000; 40.757
values_302; 1191; 51418; 12854.500; 43.172
values_303; 1183; 48275; 12068.750; 40.807
values_304; 1303; 54299; 13574.750; 41.672
values_305; 1446; 59291; 14822.750; 41.003
values_306; 1153; 48679; 12169.750; 42.219
values_307; 1268; 51174; 12793.500; 40.358
values_308; 1242; 52117; 13029.250; 41.962
values_309; 1043; 43789; 10947.250; 41.983
values_31; 2118; 89721; 22430.250; 42.361
values_310; 983; 40627; 10156.750; 41.329
values_311; 871; 37499; 9374.750; 43.052
values_312; 792; 33002; 8250.500; 41.669
values_313; 827; 34116; 8529.000; 41.252
values_314; 948; 38715; 9678.750; 40.838
values_315; 913; 38048; 9512.000; 41.673
values_316; 700; 28937; 7234.250; 41.338
values_317; 993; 40509; 10127.250; 40.794
values_318; 910; 37704; 9426.000; 41.432
values_319; 787; 33802; 8450.500; 42.950
values_32; 1986; 84117; 21029.250; 42.354
values_320; 2022; 83501; 20875.250; 41.296
values_321; 2506; 106502; 26625.500; 42.498
values_322; 2448; 102744; 25686.000; 41.970
values_323; 2522; 103369; 25842.250; 40.986
values_324; 2007; 85344; 21336.000; 42.523
values_325; 2823; 116757; 29189.250; 41.359
values_326; 2816; 117179; 29294.750; 41.611
values_327; 2712; 113221; 28305.250; 41.748
values_328; 2502; 108684; 27171.000; 43.438
values_329; 2675; 109458; 27364.500; 40.918
values_33; 2105; 87917; 21979.250; 41.765
values_330; 827; 34032; 8508.000; 41.151
values_331; 1074; 43433; 10858.250; 40.440
values_332; 1175; 47658; 11914.500; 40.560
values_333; 774; 33867; 8466.750; 43.755
values_334; 916; 37988; 9497.000; 41.471
values_335; 1055; 44353; 11088.250; 42.040
values_336; 913; 39670; 9917.500; 43.450
values_337; 836; 35828; 8957.000; 42.856
values_338; 986; 42141; 10535.250; 42.739
values_339; 1020; 42186; 10546.500; 41.358
values_34; 1801; 77430; 19357.500; 42.992
values_340; 35; 1208; 302.000; 34.514
values_341; 35; 1208; 302.000; 34.514
values_342; 35; 1208; 302.000; 34.514
values_343; 35; 1208; 302.000; 34.514
values_344; 35; 1208; 302.000; 34.514
values_345; 35; 1208; 302.000; 34.514
values_346; 35; 1208; 302.000; 34.514
values_347; 35; 1208; 302.000; 34.514
values_348; 35; 1208; 302.000; 34.514
values_349; 35; 1208; 302.000; 34.514
values_35; 2002; 81875; 20468.750; 40.896
values_350; 826; 33614; 8403.500; 40.694
values_351; 877; 36706; 9176.500; 41.854
values_352; 853; 35378; 8844.500; 41.474
values_353; 844; 34800; 8700.000; 41.232
values_354; 961; 39156; 9789.000; 40.745
values_355; 885; 35706; 8926.500; 40.345
values_356; 966; 40033; 10008.250; 41.442
values_357; 967; 40216; 10054.000; 41.588
values_358; 969; 39761; 9940.250; 41.033
values_359; 742; 30909; 7727.250; 41.656
values_36; 1986; 82033; 20508.250; 41.305
values_360; 1466; 61292; 15323.000; 41.809
values_361; 1244; 50376; 12594.000; 40.495
values_362; 1121; 48266; 12066.500; 43.056
values_363; 1359; 57190; 14297.500; 42.082
values_364; 1177; 48647; 12161.750; 41.331
values_365; 1307; 54429; 13607.250; 41.644
values_366; 1275; 52923; 13230.750; 41.508
values_367; 1350; 56794; 14198.500; 42.069
values_368; 1256; 53319; 13329.750; 42.451
values_369; 1291; 53258; 13314.500; 41.253
values_37; 1861; 77212; 19303.000; 41.489
values_370; 1016; 43351; 10837.750; 42.668
values_371; 1122; 45994; 11498.500; 40.992
values_372; 912; 38499; 9624.750; 42.213
values_373; 826; 35195; 8798.750; 42.608
values_374; 1095; 45530; 11382.500; 41.579
values_375; 854; 35649; 8912.250; 41.743
values_376; 892; 38617; 9654.250; 43.292
values_377; 934; 38394; 9598.500; 41.107
values_378; 1040; 43990; 10997.500; 42.298
values_379; 843; 36547; 9136.750; 43.353
values_38; 2152; 89866; 22466.500; 41.759
values_380; 1056; 46207; 11551.750; 43.756
values_381; 1272; 51861; 12965.250; 40.771
values_382; 1459; 58956; 14739.000; 40.408
values_383; 1379; 57291; 14322.750; 41.545
values_384; 1437; 58416; 14604.000; 40.651
values_385; 1525; 63198; 15799.500; 41.441
values_386; 1530; 63760; 15940.000; 41.673
values_387; 1342; 55000; 13750.000; 40.983
values_388; 1453; 60206; 15051.500; 41.435
values_389; 969; 41856; 10464.000; 43.195
values_39; 2120; 89096; 22274.000; 42.026
values_390; 343; 14777; 3694.250; 43.081
values_391; 346; 14389; 3597.250; 41.586
values_392; 521; 21132; 5283.000; 40.560
values_393; 359; 14682; 3670.500; 40.896
values_394; 514; 21255; 5313.750; 41.352
values_395; 335; 14371; 3592.750; 42.898
values_396; 523; 21591; 5397.750; 41.282
values_397; 391; 16640; 4160.000; 42.557
values_398; 440; 17904; 4476.000; 40.690
values_399; 433; 17864; 4466.000; 41.256
values_40; 610; 25372; 6343.000; 41.593
values_400; 1039; 43145; 10786.250; 41.525
values_401; 1016; 43410; 10852.500; 42.726
values_402; 1127; 48017; 12004.250; 42.606
values_403; 1183; 49592; 12398.000; 41.920
values_404; 1271; 52066; 13016.500; 40.964
values_405; 1086; 45953; 11488.250; 42.313
values_406; 859; 36839; 9209.750; 42.885
values_407; 906; 36999; 9249.750; 40.837
values_408; 1072; 45206; 11301.500; 42.169
values_409; 1050; 44379; 11094.750; 42.265
values_41; 508; 20934; 5233.500; 41.208
values_410; 88; 3545; 886.250; 40.284
values_411; 59; 2467; 616.750; 41.813
values_412; 113; 4288; 1072.000; 37.946
values_413; 113; 4288; 1072.000; 37.946
values_414; 96; 3735; 933.750; 38.906
values_415; 96; 3735; 933.750; 38.906
values_416; 96; 3735; 933.750; 38.906
values_417; 84; 3253; 813.250; 38.726
values_418; 88; 3545; 886.250; 40.284
values_419; 113; 4288; 1072.000; 37.946
values_42; 635; 27150; 6787.500; 42.755
values_420; 209; 8675; 2168.750; 41.507
values_421; 308; 13029; 3257.250; 42.301
values_422; 291; 11714; 2928.500; 40.254
values_423; 308; 13115; 3278.750; 42.581
values_424; 324; 13242; 3310.500; 40.870
values_425; 349; 14332; 3583.000; 41.065
values_426; 316; 13342; 3335.500; 42.221
values_427; 284; 12422; 3105.500; 43.739
values_428; 299; 12225; 3056.250; 40.886
values_429; 254; 10890; 2722.500; 42.874
values_43; 504; 21378; 5344.500; 42.416
values_430; 1170; 46997; 11749.250; 40.168
values_431; 811; 34996; 8749.000; 43.151
values_432; 920; 37624; 9406.000; 40.895
values_433; 742; 32928; 8232.000; 44.377
values_434; 1097; 44068; 11017.000; 40.171
values_435; 802; 32885; 8221.250; 41.003
values_436; 915; 37427; 9356.750; 40.903
values_437; 1119; 46173; 11543.250; 41.262
values_438; 1117; 45334; 11333.500; 40.585
values_439; 913; 39682; 9920.500; 43.463
values_44; 655; 27197; 6799.250; 41.522
values_440; 1150; 47436; 11859.000; 41.248
values_441; 975; 41043; 10260.750; 42.095
values_442; 810; 34573; 8643.250; 42.682
values_443; 1152; 47831; 11957.750; 41.519
values_444; 964; 40588; 10147.000; 42.103
values_445; 1196; 48767; 12191.750; 40.775
values_446; 1049; 43468; 10867.000; 41.437
values_447; 1145; 46608; 11652.000; 40.705
values_448; 966; 40027; 10006.750; 41.435
values_449; 1110; 47086; 11771.500; 42.419
values_45; 683; 27818; 6954.500; 40.729
values_450; 1135; 48405; 12101.250; 42.647
values_451; 1326; 52978; 13244.500; 39.953
values_452; 1128; 49927; 12481.750; 44.261
values_453; 1127; 47938; 11984.500; 42.535
values_454; 1275; 51612; 12903.000; 40.480
values_455; 1343; 55702; 13925.500; 41.475
values_456; 1210; 51438; 12859.500; 42.510
values_457; 1140; 48094; 12023.500; 42.187
values_458; 1327; 54498; 13624.500; 41.068
values_459; 1287; 52000; 13000.000; 40.404
values_46; 663; 27001; 6750.250; 40.725
values_460; 1309; 53537; 13384.250; 40.899
values_461; 1121; 46637; 11659.250; 41.603
values_462; 1040; 44048; 11012.000; 42.353
values_463; 1033; 43094; 10773.500; 41.717
values_464; 984; 42441; 10610.250; 43.131
values_465; 1035; 42399; 10599.750; 40.965
values_466; 798; 34554; 8638.500; 43.300
values_467; 1009; 41972; 10493.000; 41.597
values_468; 1040; 43313; 10828.250; 41.647
values_469; 1147; 48214; 12053.500; 42.034
values_47; 635; 26245; 6561.250; 41.330
values_470; 1570; 64844; 16211.000; 41.301
values_471; 1504; 60614; 15153.500; 40.301
values_472; 1228; 50976; 12744.000; 41.511
values_473; 1453; 60005; 15001.250; 41.297
values_474; 1396; 59199; 14799.750; 42.406
values_475; 1263; 54093; 13523.250; 42.828
values_476; 1533; 63537; 15884.250; 41.446
values_477; 1455; 60378; 15094.500; 41.496
values_478; 1485; 61994; 15498.500; 41.746
values_479; 1549; 63722; 15930.500; 41.137
values_48; 602; 25843; 6460.750; 42.928
values_480; 2249; 93764; 23441.000; 41.691
values_481; 1986; 83764; 20941.000; 42.177
values_482; 2340; 96053; 24013.250; 41.048
values_483; 1886; 80869; 20217.250; 42.878
values_484; 2084; 88700; 22175.000; 42.562
values_485; 2353; 96298; 24074.500; 40.925
values_486; 2526; 102551; 25637.750; 40.598
values_487; 2354; 98615; 24653.750; 41.892
values_488; 2157; 89351; 22337.750; 41.423
values_489; 2367; 99244; 24811.000; 41.928
values_49; 500; 21027; 5256.750; 42.054
values_490; 2429; 105599; 26399.750; 43.474
values_491; 2743; 111693; 27923.250; 40.719
values_492; 2875; 117676; 29419.000; 40.930
values_493; 2617; 109225; 27306.250; 41.736
values_494; 2588; 105513; 26378.250; 40.770
values_495; 2551; 103183; 25795.750; 40.448
values_496; 2552; 103507; 25876.750; 40.559
values_497; 2489; 105642; 26410.500; 42.443
values_498; 2880; 118925; 29731.250; 41.293
values_499; 2489; 106395; 26598.750; 42.746
values_50; 721; 29947; 7486.750; 41.535
values_500; 553; 21941; 5485.250; 39.676
values_501; 420; 17998; 4499.500; 42.852
values_502; 401; 17234; 4308.500; 42.977
values_503; 409; 16856; 4214.000; 41.212
values_504; 441; 18579; 4644.750; 42.129
values_505; 470; 19426; 4856.500; 41.331
values_506; 461; 19456; 4864.000; 42.203
values_507; 457; 19014; 4753.500; 41.606
values_508; 409; 16917; 4229.250; 41.361
values_509; 506; 20973; 5243.250; 41.448
values_51; 471; 20042; 5010.500; 42.552
values_510; 88; 3545; 886.250; 40.284
values_511; 76; 3063; 765.750; 40.302
values_512; 88; 3545; 886.250; 40.284
values_513; 67; 2706; 676.500; 40.388
values_514; 84; 3253; 813.250; 38.726
values_515; 96; 3735; 933.750; 38.906
values_516; 88; 3545; 886.250; 40.284
values_517; 105; 4098; 1024.500; 39.028
values_518; 84; 3253; 813.250; 38.726
values_519; 84; 3253; 813.250; 38.726
values_52; 533; 22717; 5679.250; 42.621
values_520; 1452; 60921; 15230.250; 41.956
values_521; 1397; 59695; 14923.750; 42.730
values_522; 1410; 58654; 14663.500; 41.598
values_523; 1594; 64458; 16114.500; 40.437
values_524; 1532; 63112; 15778.000; 41.195
values_525; 1379; 57508; 14377.000; 41.702
values_526; 1379; 58185; 14546.250; 42.193
values_527; 1362; 56594; 14148.500; 41.552
values_528; 1481; 60987; 15246.750; 41.179
values_529; 1348; 57168; 14292.000; 42.409
values_53; 562; 23322; 5830.500; 41.498
values_530; 67; 2706; 676.500; 40.388
values_531; 88; 3545; 886.250; 40.284
values_532; 80; 3306; 826.500; 41.325
values_533; 113; 4288; 1072.000; 37.946
values_534; 72; 2783; 695.750; 38.652
values_535; 84; 3253; 813.250; 38.726
values_536; 113; 4288; 1072.000; 37.946
values_537; 67; 2706; 676.500; 40.388
values_538; 105; 4098; 1024.500; 39.028
values_539; 84; 3253; 813.250; 38.726
values_54; 643; 27463; 6865.750; 42.710
values_540; 1156; 48548; 12137.000; 41.996
values_541; 1180; 50383; 12595.750; 42.697
values_542; 1138; 47461; 11865.250; 41.705
values_543; 1275; 51917; 12979.250; 40.719
values_544; 1290; 52916; 13229.000; 41.020
values_545; 1196; 48928; 12232.000; 40.909
values_546; 987; 42642; 10660.500; 43.203
values_547; 947; 40874; 10218.500; 43.161
values_548; 1072; 44375; 11093.750; 41.394
values_549; 1338; 54075; 13518.750; 40.414
values_55; 647; 26964; 6741.000; 41.675
values_550; 530; 22433; 5608.250; 42.326
values_551; 582; 24291; 6072.750; 41.737
values_552; 469; 19484; 4871.000; 41.543
values_553; 527; 21209; 5302.250; 40.244
values_554; 668; 27027; 6756.750; 40.459
values_555; 595; 24870; 6217.500; 41.798
values_556; 545; 22482; 5620.500; 41.251
values_557; 619; 25618; 6404.500; 41.386
values_558; 582; 23995; 5998.750; 41.228
values_559; 517; 21347; 5336.750; 41.290
values_56; 651; 26893; 6723.250; 41.310
values_560; 2296; 93239; 23309.750; 40.609
values_561; 2070; 87542; 21885.500; 42.290
values_562; 2462; 103709; 25927.250; 42.123
values_563; 2567; 107284; 26821.000; 41.793
values_564; 2330; 99314; 24828.500; 42.624
values_565; 2532; 105574; 26393.500; 41.695
values_566; 2734; 111474; 27868.500; 40.773
values_567; 2745; 111287; 27821.750; 40.541
values_568; 2762; 111795; 27948.750; 40.476
values_569; 2612; 106042; 26510.500; 40.598
values_57; 622; 25606; 6401.500; 41.167
values_570; 88; 3545; 886.250; 40.284
values_571; 105; 4098; 1024.500; 39.028
values_572; 113; 4288; 1072.000; 37.946
values_573; 55; 2236; 559.000; 40.654
values_574; 96; 3735; 933.750; 38.906
values_575; 84; 3253; 813.250; 38.726
values_576; 96; 3735; 933.750; 38.906
values_577; 84; 3253; 813.250; 38.726
values_578; 72; 2783; 695.750; 38.652
values_579; 67; 2706; 676.500; 40.388
values_58; 491; 20299; 5074.750; 41.342
values_580; 35; 1208; 302.000; 34.514
values_581; 35; 1208; 302.000; 34.514
values_582; 35; 1208; 302.000; 34.514
values_583; 35; 1208; 302.000; 34.514
values_584; 35; 1208; 302.000; 34.514
values_585; 35; 1208; 302.000; 34.514
values_586; 35; 1208; 302.000; 34.514
values_587; 35; 1208; 302.000; 34.514
values_588; 35; 1208; 302.000; 34.514
values_589; 35; 1208; 302.000; 34.514
values_59; 655; 27438; 6859.500; 41.890
values_590; 1522; 64853; 16213.250; 42.610
values_591; 1845; 75864; 18966.000; 41.118
values_592; 1631; 67537; 16884.250; 41.408
values_593; 1741; 72921; 18230.250; 41.884
values_594; 1733; 70300; 17575.000; 40.565
values_595; 1913; 79067; 19766.750; 41.331
values_596; 1649; 69632; 17408.000; 42.226
values_597; 1426; 60219; 15054.750; 42.229
values_598; 1883; 77784; 19446.000; 41.308
values_599; 1362; 57669; 14417.250; 42.341
values_60; 35; 1208; 302.000; 34.514
values_600; 68; 2510; 627.500; 36.911
values_601; 68; 2510; 627.500; 36.911
values_602; 68; 2510; 627.500; 36.911
values_603; 51; 1963; 490.750; 38.490
values_604; 60; 2320; 580.000; 38.666
values_605; 68; 2510; 627.500; 36.911
values_606; 68; 2510; 627.500; 36.911
values_607; 68; 2510; 627.500; 36.911
values_608; 68; 2510; 627.500; 36.911
values_609; 68; 2510; 627.500; 36.911
values_61; 35; 1208; 302.000; 34.514
values_610; 1841; 77031; 19257.750; 41.841
values_611; 1580; 64835; 16208.750; 41.034
values_612; 1591; 68324; 17081.000; 42.944
values_613; 1315; 54144; 13536.000; 41.174
values_614; 1574; 66343; 16585.750; 42.149
values_615; 1430; 58534; 14633.500; 40.932
values_616; 1659; 68677; 17169.250; 41.396
values_617; 1872; 77833; 19458.250; 41.577
values_618; 1606; 68366; 17091.500; 42.569
values_619; 1708; 71422; 17855.500; 41.816
values_62; 35; 1208; 302.000; 34.514
values_620; 108; 4513; 1128.250; 41.787
values_621; 137; 5548; 1387.000; 40.496
values_622; 146; 5919; 1479.750; 40.541
values_623; 129; 5315; 1328.750; 41.201
values_624; 100; 3990; 997.500; 39.900
values_625; 100; 4002; 1000.500; 40.020
values_626; 124; 4942; 1235.500; 39.854
values_627; 137; 5597; 1399.250; 40.854
values_628; 154; 6158; 1539.500; 39.987
values_629; 100; 4002; 1000.500; 40.020
values_63; 35; 1208; 302.000; 34.514
values_630; 68; 2510; 627.500; 36.911
values_631; 51; 1963; 490.750; 38.490
values_632; 51; 1963; 490.750; 38.490
values_633; 51; 1963; 490.750; 38.490
values_634; 51; 1963; 490.750; 38.490
values_635; 68; 2510; 627.500; 36.911
values_636; 68; 2510; 627.500; 36.911
values_637; 39; 1481; 370.250; 37.974
values_638; 51; 1963; 490.750; 38.490
values_639; 68; 2510; 627.500; 36.911
values_64; 35; 1208; 302.000; 34.514
values_640; 1865; 78974; 19743.500; 42.345
values_641; 2098; 84860; 21215.000; 40.448
values_642; 2302; 94923; 23730.750; 41.235
values_643; 1981; 83293; 20823.250; 42.045
values_644; 1934; 80124; 20031.000; 41.429
values_645; 2391; 97514; 24378.500; 40.783
values_646; 1911; 79876; 19969.000; 41.798
values_647; 1868; 80628; 20157.000; 43.162
values_648; 1979; 83201; 20800.250; 42.041
values_649; 2266; 91308; 22827.000; 40.294
values_65; 35; 1208; 302.000; 34.514
values_650; 2718; 110451; 27612.750; 40.636
values_651; 2157; 87142; 21785.500; 40.399
values_652; 2140; 86911; 21727.750; 40.612
values_653; 2299; 93682; 23420.500; 40.749
values_654; 2685; 111018; 27754.500; 41.347
values_655; 2466; 101453; 25363.250; 41.140
values_656; 2266; 95668; 23917.000; 42.218
values_657; 2305; 94770; 23692.500; 41.114
values_658; 2349; 97205; 24301.250; 41.381
values_659; 2115; 89302; 22325.500; 42.223
values_66; 18; 652; 163.000; 36.222
values_660; 828; 34158; 8539.500; 41.253
values_661; 722; 31596; 7899.000; 43.761
values_662; 592; 24604; 6151.000; 41.560
values_663; 735; 30099; 7524.750; 40.951
values_664; 792; 32394; 8098.500; 40.901
values_665; 512; 22279; 5569.750; 43.513
values_666; 810; 34111; 8527.750; 42.112
values_667; 654; 27514; 6878.500; 42.070
values_668; 600; 25078; 6269.500; 41.796
values_669; 638; 26921; 6730.250; 42.195
values_67; 35; 1208; 302.000; 34.514
values_670; 715; 29430; 7357.500; 41.160
values_671; 581; 23595; 5898.750; 40.611
values_672; 533; 23440; 5860.000; 43.977
values_673; 479; 20102; 5025.500; 41.966
values_674; 582; 24930; 6232.500; 42.835
values_675; 496; 21435; 5358.750; 43.215
values_676; 603; 26316; 6579.000; 43.641
values_677; 656; 28035; 7008.750; 42.736
values_678; 658; 27456; 6864.000; 41.726
values_679; 597; 25188; 6297.000; 42.190
values_68; 18; 652; 163.000; 36.222
values_680; 150; 6186; 1546.500; 41.240
values_681; 186; 7584; 1896.000; 40.774
values_682; 207; 8388; 2097.000; 40.521
values_683; 198; 8066; 2016.500; 40.737
values_684; 157; 6244; 1561.000; 39.770
values_685; 144; 5947; 1486.750; 41.298
values_686; 215; 8627; 2156.750; 40.125
values_687; 199; 8198; 2049.500; 41.195
values_688; 182; 7353; 1838.250; 40.401
values_689; 183; 7732; 1933.000; 42.251
values_69; 35; 1208; 302.000; 34.514
values_690; 525; 21326; 5331.500; 40.620
values_691; 437; 18769; 4692.250; 42.949
values_692; 523; 21677; 5419.250; 41.447
values_693; 433; 18111; 4527.750; 41.826
values_694; 387; 16155; 4038.750; 41.744
values_695; 350; 14892; 3723.000; 42.548
values_696; 370; 15063; 3765.750; 40.710
values_697; 482; 20305; 5076.250; 42.126
values_698; 539; 22094; 5523.500; 40.990
values_699; 399; 16385; 4096.250; 41.065
values_70; 565; 23407; 5851.750; 41.428
values_700; 2155; 92673; 23168.250; 43.003
values_701; 2844; 115166; 28791.500; 40.494
values_702; 2527; 106220; 26555.000; 42.034
values_703; 2200; 91787; 22946.750; 41.721
values_704; 3117; 125885; 31471.250; 40.386
values_705; 2719; 114081; 28520.250; 41.956
values_706; 2478; 103403; 25850.750; 41.728
values_707; 3053; 123953; 30988.250; 40.600
values_708; 2586; 107536; 26884.000; 41.583
values_709; 2530; 108110; 27027.500; 42.731
values_71; 465; 20188; 5047.000; 43.415
values_710; 332; 13722; 3430.500; 41.331
values_711; 262; 11123; 2780.750; 42.454
values_712; 254; 10896; 2724.000; 42.897
values_713; 221; 9387; 2346.750; 42.475
values_714; 225; 9569; 2392.250; 42.528
values_715; 169; 7010; 1752.500; 41.479
values_716; 356; 14427; 3606.750; 40.525
values_717; 302; 11979; 2994.750; 39.665
values_718; 304; 12582; 3145.500; 41.388
values_719; 225; 9581; 2395.250; 42.582
values_72; 488; 20255; 5063.750; 41.506
values_720; 35; 1208; 302.000; 34.514
values_721; 18; 652; 163.000; 36.222
values_722; 35; 1208; 302.000; 34.514
values_723; 35; 1208; 302.000; 34.514
values_724; 35; 1208; 302.000; 34.514
values_725; 35; 1208; 302.000; 34.514
values_726; 35; 1208; 302.000; 34.514
values_727; 35; 1208; 302.000; 34.514
values_728; 35; 1208; 302.000; 34.514
values_729; 35; 1208; 302.000; 34.514
values_73; 609; 24587; 6146.750; 40.372
values_730; 1328; 54928; 13732.000; 41.361
values_731; 1044; 45473; 11368.250; 43.556
values_732; 1006; 42408; 10602.000; 42.155
values_733; 1078; 45532; 11383.000; 42.237
values_734; 1109; 46434; 11608.500; 41.870
values_735; 803; 34551; 8637.750; 43.027
values_736; 1255; 53117; 13279.250; 42.324
values_737; 1384; 57337; 14334.250; 41.428
values_738; 1400; 57706; 14426.500; 41.218
values_739; 1151; 50302; 12575.500; 43.702
values_74; 547; 22984; 5746.000; 42.018
values_740; 611; 25361; 6340.250; 41.507
values_741; 497; 20873; 5218.250; 41.997
values_742; 387; 16162; 4040.500; 41.762
values_743; 644; 26328; 6582.000; 40.881
values_744; 541; 22709; 5677.250; 41.975
values_745; 571; 23386; 5846.500; 40.956
values_746; 517; 22009; 5502.250; 42.570
values_747; 557; 23168; 5792.000; 41.594
values_748; 563; 23925; 5981.250; 42.495
values_749; 587; 24600; 6150.000; 41.908
values_75; 533; 22494; 5623.500; 42.202
values_750; 794; 33466; 8366.500; 42.148
values_751; 828; 35348; 8837.000; 42.690
values_752; 866; 36101; 9025.250; 41.687
values_753; 774; 34593; 8648.250; 44.693
values_754; 982; 39981; 9995.250; 40.713
values_755; 902; 38174; 9543.500; 42.321
values_756; 912; 37903; 9475.750; 41.560
values_757; 954; 39514; 9878.500; 41.419
values_758; 863; 35871; 8967.750; 41.565
values_759; 1006; 41230; 10307.500; 40.984
values_76; 546; 22633; 5658.250; 41.452
values_760; 810; 34814; 8703.500; 42.980
values_761; 1028; 42317; 10579.250; 41.164
values_762; 1068; 44430; 11107.500; 41.601
values_763; 892; 37887; 9471.750; 42.474
values_764; 1136; 46771; 11692.750; 41.171
values_765; 1180; 48995; 12248.750; 41.521
values_766; 974; 43245; 10811.250; 44.399
values_767; 1372; 55134; 13783.500; 40.185
values_768; 1276; 52471; 13117.750; 41.121
values_769; 1183; 49575; 12393.750; 41.906
values_77; 531; 23061; 5765.250; 43.429
values_770; 60; 2320; 580.000; 38.666
values_771; 68; 2510; 627.500; 36.911
values_772; 68; 2510; 627.500; 36.911
values_773; 68; 2510; 627.500; 36.911
values_774; 60; 2320; 580.000; 38.666
values_775; 51; 1963; 490.750; 38.490
values_776; 39; 1481; 370.250; 37.974
values_777; 68; 2510; 627.500; 36.911
values_778; 68; 2510; 627.500; 36.911
values_779; 60; 2320; 580.000; 38.666
values_78; 542; 22439; 5609.750; 41.400
values_780; 1446; 62415; 15603.750; 43.163
values_781; 1707; 72235; 18058.750; 42.316
values_782; 1828; 75080; 18770.000; 41.072
values_783; 1673; 71572; 17893.000; 42.780
values_784; 1881; 80458; 20114.500; 42.774
values_785; 1772; 74540; 18635.000; 42.065
values_786; 1958; 78551; 19637.750; 40.117
values_787; 1792; 76898; 19224.500; 42.911
values_788; 2034; 84970; 21242.500; 41.774
values_789; 1751; 73322; 18330.500; 41.874
values_79; 612; 25512; 6378.000; 41.686
values_790; 431; 18059; 4514.750; 41.900
values_791; 606; 24904; 6226.000; 41.095
values_792; 586; 24052; 6013.000; 41.044
values_793; 489; 20609; 5152.250; 42.145
values_794; 472; 19764; 4941.000; 41.872
values_795; 660; 26880; 6720.000; 40.727
values_796; 582; 24322; 6080.500; 41.790
values_797; 494; 21029; 5257.250; 42.568
values_798; 534; 22460; 5615.000; 42.059
values_799; 546; 22670; 5667.500; 41.520
values_80; 213; 9123; 2280.750; 42.830
values_800; 231; 9056; 2264.000; 39.203
values_801; 223; 8866; 2216.500; 39.757
values_802; 136; 5708; 1427.000; 41.970
values_803; 190; 7876; 1969.000; 41.452
values_804; 202; 8013; 2003.250; 39.668
values_805; 161; 6784; 1696.000; 42.136
values_806; 182; 7594; 1898.500; 41.725
values_807; 215; 8676; 2169.000; 40.353
values_808; 191; 7971; 1992.750; 41.732
values_809; 136; 5714; 1428.500; 42.014
values_81; 340; 13714; 3428.500; 40.335
values_810; 509; 21788; 5447.000; 42.805
values_811; 630; 25597; 6399.250; 40.630
values_812; 532; 23219; 5804.750; 43.644
values_813; 391; 17104; 4276.000; 43.744
values_814; 383; 16395; 4098.750; 42.806
values_815; 392; 16591; 4147.750; 42.323
values_816; 587; 24124; 6031.000; 41.097
values_817; 510; 22255; 5563.750; 43.637
values_818; 628; 25917; 6479.250; 41.269
values_819; 462; 18938; 4734.500; 40.991
values_82; 294; 12036; 3009.000; 40.938
values_820; 327; 13402; 3350.500; 40.984
values_821; 281; 11682; 2920.500; 41.572
values_822; 310; 12508; 3127.000; 40.348
values_823; 398; 16828; 4207.000; 42.281
values_824; 316; 12779; 3194.750; 40.439
values_825; 446; 18226; 4556.500; 40.865
values_826; 302; 12529; 3132.250; 41.486
values_827; 368; 15633; 3908.250; 42.480
values_828; 332; 13987; 3496.750; 42.129
values_829; 245; 10302; 2575.500; 42.048
values_83; 303; 12395; 3098.750; 40.907
values_830; 283; 11463; 2865.750; 40.505
values_831; 235; 10132; 2533.000; 43.114
values_832; 332; 13783; 3445.750; 41.515
values_833; 328; 13244; 3311.000; 40.378
values_834; 315; 12581; 3145.250; 39.939
values_835; 324; 13242; 3310.500; 40.870
values_836; 357; 14565; 3641.250; 40.798
values_837; 230; 9751; 2437.750; 42.395
values_838; 255; 10279; 2569.750; 40.309
values_839; 246; 10712; 2678.000; 43.544
values_84; 214; 9087; 2271.750; 42.462
values_840; 35; 1208; 302.000; 34.514
values_841; 18; 652; 163.000; 36.222
values_842; 35; 1208; 302.000; 34.514
values_843; 35; 1208; 302.000; 34.514
values_844; 35; 1208; 302.000; 34.514
values_845; 35; 1208; 302.000; 34.514
values_846; 18; 652; 163.000; 36.222
values_847; 35; 1208; 302.000; 34.514
values_848; 35; 1208; 302.000; 34.514
values_849; 35; 1208; 302.000; 34.514
values_85; 235; 10175; 2543.750; 43.297
values_850; 1971; 80826; 20206.500; 41.007
values_851; 2108; 86610; 21652.500; 41.086
values_852; 1816; 75567; 18891.750; 41.611
values_853; 1555; 64533; 16133.250; 41.500
values_854; 2002; 82305; 20576.250; 41.111
values_855; 1935; 78315; 19578.750; 40.472
values_856; 1798; 76955; 19238.750; 42.800
values_857; 1508; 63217; 15804.250; 41.921
values_858; 2068; 85453; 21363.250; 41.321
values_859; 1897; 80959; 20239.750; 42.677
values_86; 312; 12815; 3203.750; 41.073
values_860; 1000; 40790; 10197.500; 40.790
values_861; 758; 32243; 8060.750; 42.536
values_862; 1136; 46719; 11679.750; 41.125
values_863; 1071; 43979; 10994.750; 41.063
values_864; 1079; 44188; 11047.000; 40.952
values_865; 1040; 43965; 10991.250; 42.274
values_866; 939; 39252; 9813.000; 41.801
values_867; 1093; 44219; 11054.750; 40.456
values_868; 969; 41241; 10310.250; 42.560
values_869; 1096; 45571; 11392.750; 41.579
values_87; 226; 9520; 2380.000; 42.123
values_870; 191; 7971; 1992.750; 41.732
values_871; 183; 7732; 1933.000; 42.251
values_872; 149; 6054; 1513.500; 40.630
values_873; 206; 8256; 2064.000; 40.077
values_874; 231; 9056; 2264.000; 39.203
values_875; 174; 7071; 1767.750; 40.637
values_876; 137; 5572; 1393.000; 40.671
values_877; 186; 7541; 1885.250; 40.543
values_878; 165; 6743; 1685.750; 40.866
values_879; 182; 7600; 1900.000; 41.758
values_88; 328; 13195; 3298.750; 40.228
values_880; 35; 1208; 302.000; 34.514
values_881; 35; 1208; 302.000; 34.514
values_882; 35; 1208; 302.000; 34.514
values_883; 35; 1208; 302.000; 34.514
values_884; 35; 1208; 302.000; 34.514
values_885; 35; 1208; 302.000; 34.514
values_886; 18; 652; 163.000; 36.222
values_887; 35; 1208; 302.000; 34.514
values_888; 35; 1208; 302.000; 34.514
values_889; 35; 1208; 302.000; 34.514
values_89; 270; 10806; 2701.500; 40.022
values_890; 383; 16160; 4040.000; 42.193
values_891; 550; 23359; 5839.750; 42.470
values_892; 541; 22708; 5677.000; 41.974
values_893; 548; 23624; 5906.000; 43.109
values_894; 566; 23813; 5953.250; 42.072
values_895; 516; 21148; 5287.000; 40.984
values_896; 510; 20734; 5183.500; 40.654
values_897; 627; 25234; 6308.500; 40.245
values_898; 407; 16889; 4222.250; 41.496
values_899; 566; 23788; 5947.000; 42.028
values_90; 410; 17365; 4341.250; 42.353
values_900; 588; 24311; 6077.750; 41.345
values_901; 666; 26656; 6664.000; 40.024
values_902; 582; 24514; 6128.500; 42.120
values_903; 632; 26408; 6602.000; 41.784
values_904; 801; 32234; 8058.500; 40.242
values_905; 404; 16753; 4188.250; 41.467
values_906; 658; 27166; 6791.500; 41.285
values_907; 542; 23355; 5838.750; 43.090
values_908; 610; 25389; 6347.250; 41.621
values_909; 500; 21907; 5476.750; 43.814
values_91; 458; 19648; 4912.000; 42.899
values_910; 367; 15019; 3754.750; 40.923
values_911; 325; 14683; 3670.750; 45.178
values_912; 327; 13866; 3466.500; 42.403
values_913; 382; 16319; 4079.750; 42.719
values_914; 314; 13005; 3251.250; 41.417
values_915; 422; 17564; 4391.000; 41.620
values_916; 319; 13887; 3471.750; 43.532
values_917; 379; 15180; 3795.000; 40.052
values_918; 356; 14421; 3605.250; 40.508
values_919; 422; 17502; 4375.500; 41.473
values_92; 474; 19571; 4892.750; 41.289
values_920; 162; 6348; 1587.000; 39.185
values_921; 112; 4472; 1118.000; 39.928
values_922; 145; 5787; 1446.750; 39.910
values_923; 92; 3812; 953.000; 41.434
values_924; 92; 3812; 953.000; 41.434
values_925; 116; 4703; 1175.750; 40.543
values_926; 108; 4513; 1128.250; 41.787
values_927; 92; 3812; 953.000; 41.434
values_928; 112; 4472; 1118.000; 39.928
values_929; 129; 5025; 1256.250; 38.953
values_93; 483; 20463; 5115.750; 42.366
values_930; 1994; 83255; 20813.750; 41.752
values_931; 2137; 87624; 21906.000; 41.003
values_932; 1943; 79717; 19929.250; 41.027
values_933; 2110; 85867; 21466.750; 40.695
values_934; 1893; 79297; 19824.250; 41.889
values_935; 1971; 84329; 21082.250; 42.784
values_936; 1756; 73451; 18362.750; 41.828
values_937; 1895; 77937; 19484.250; 41.127
values_938; 1959; 82253; 20563.250; 41.987
values_939; 1814; 75125; 18781.250; 41.414
values_94; 465; 19266; 4816.500; 41.432
values_940; 1405; 58119; 14529.750; 41.365
values_941; 1044; 44883; 11220.750; 42.991
values_942; 1330; 53848; 13462.000; 40.487
values_943; 1134; 46753; 11688.250; 41.228
values_944; 1165; 51297; 12824.250; 44.031
values_945; 1445; 58894; 14723.500; 40.757
values_946; 1242; 50435; 12608.750; 40.607
values_947; 1175; 48847; 12211.750; 41.571
values_948; 1496; 59911; 14977.750; 40.047
values_949; 1373; 57143; 14285.750; 41.619
values_95; 493; 20067; 5016.750; 40.703
values_950; 2764; 113242; 28310.500; 40.970
values_951; 2871; 117681; 29420.250; 40.989
values_952; 2750; 110711; 27677.750; 40.258
values_953; 2524; 106390; 26597.500; 42.151
values_954; 2301; 97766; 24441.500; 42.488
values_955; 2971; 120184; 30046.000; 40.452
values_956; 2654; 113026; 28256.500; 42.587
values_957; 2623; 110721; 27680.250; 42.211
values_958; 2620; 109260; 27315.000; 41.702
values_959; 2822; 117688; 29422.000; 41.703
values_96; 434; 18474; 4618.500; 42.566
values_960; 920; 37399; 9349.750; 40.651
values_961; 833; 36015; 9003.750; 43.235
values_962; 975; 40326; 10081.500; 41.360
values_963; 786; 33131; 8282.750; 42.151
values_964; 670; 28342; 7085.500; 42.301
values_965; 752; 31989; 7997.250; 42.538
values_966; 770; 32466; 8116.500; 42.163
values_967; 888; 36728; 9182.000; 41.360
values_968; 1006; 41230; 10307.500; 40.984
values_969; 880; 36951; 9237.750; 41.989
values_97; 416; 17229; 4307.250; 41.415
values_970; 644; 28053; 7013.250; 43.560
values_971; 858; 35417; 8854.250; 41.278
values_972; 685; 28000; 7000.000; 40.875
values_973; 811; 32866; 8216.500; 40.525
values_974; 734; 30249; 7562.250; 41.211
values_975; 856; 34903; 8725.750; 40.774
values_976; 909; 36659; 9164.750; 40.328
values_977; 739; 31294; 7823.500; 42.346
values_978; 812; 33796; 8449.000; 41.620
values_979; 833; 34621; 8655.250; 41.561
values_98; 396; 16575; 4143.750; 41.856
values_980; 815; 33284; 8321.000; 40.839
values_981; 864; 36504; 9126.000; 42.250
values_982; 953; 39220; 9805.000; 41.154
values_983; 927; 37438; 9359.500; 40.386
values_984; 733; 30959; 7739.750; 42.236
values_985; 741; 30383; 7595.750; 41.002
values_986; 665; 28231; 7057.750; 42.452
values_987; 763; 32440; 8110.000; 42.516
values_988; 669; 28450; 7112.500; 42.526
values_989; 723; 30902; 7725.500; 42.741
values_99; 498; 20869; 5217.250; 41.905
values_990; 294; 12302; 3075.500; 41.843
values_991; 361; 15037; 3759.250; 41.653
values_992; 437; 17890; 4472.500; 40.938
values_993; 389; 16004; 4001.000; 41.141
values_994; 339; 13872; 3468.000; 40.920
values_995; 351; 14819; 3704.750; 42.219
values_996; 361; 15080; 3770.000; 41.772
values_997; 278; 11662; 2915.500; 41.949
values_998; 454; 18416; 4604.000; 40.563
values_999; 389; 16480; 4120.000; 42.365
