Incite; Executed C Instr; Clock Cycle Effective; Execution Time; CC4CS;
values_00; 158; 1479; 369.750; 9.360
values_01; 158; 1479; 369.750; 9.360
values_02; 155; 1413; 353.250; 9.116
values_03; 155; 1413; 353.250; 9.116
values_04; 158; 1479; 369.750; 9.360
values_05; 155; 1413; 353.250; 9.116
values_06; 155; 1413; 353.250; 9.116
values_07; 155; 1413; 353.250; 9.116
values_08; 158; 1479; 369.750; 9.360
values_09; 158; 1479; 369.750; 9.360
values_10; 1370; 16656; 4164.000; 12.157
values_100; 3320; 44151; 11037.750; 13.298
values_101; 3333; 44413; 11103.250; 13.325
values_102; 3355; 45106; 11276.500; 13.444
values_103; 3320; 44166; 11041.500; 13.303
values_104; 3317; 44107; 11026.750; 13.297
values_105; 3300; 43436; 10859.000; 13.162
values_106; 3307; 44000; 11000.000; 13.305
values_107; 3334; 44432; 11108.000; 13.326
values_108; 3328; 44386; 11096.500; 13.337
values_109; 3345; 44743; 11185.750; 13.376
values_11; 1395; 17127; 4281.750; 12.277
values_110; 609; 7041; 1760.250; 11.561
values_111; 619; 7358; 1839.500; 11.886
values_112; 614; 7241; 1810.250; 11.793
values_113; 625; 7494; 1873.500; 11.990
values_114; 615; 7344; 1836.000; 11.941
values_115; 616; 7264; 1816.000; 11.792
values_116; 618; 7315; 1828.750; 11.836
values_117; 618; 7298; 1824.500; 11.809
values_118; 624; 7475; 1868.750; 11.979
values_119; 621; 7367; 1841.750; 11.863
values_12; 1366; 16584; 4146.000; 12.140
values_120; 844; 10233; 2558.250; 12.124
values_121; 839; 10178; 2544.500; 12.131
values_122; 838; 10132; 2533.000; 12.090
values_123; 855; 10603; 2650.750; 12.401
values_124; 842; 10209; 2552.250; 12.124
values_125; 841; 10180; 2545.000; 12.104
values_126; 826; 9883; 2470.750; 11.964
values_127; 834; 10039; 2509.750; 12.037
values_128; 829; 9882; 2470.500; 11.920
values_129; 837; 10166; 2541.500; 12.145
values_13; 1392; 17015; 4253.750; 12.223
values_130; 4885; 63084; 15771.000; 12.913
values_131; 4894; 63298; 15824.500; 12.933
values_132; 4889; 63075; 15768.750; 12.901
values_133; 4912; 63690; 15922.500; 12.966
values_134; 4865; 62572; 15643.000; 12.861
values_135; 4883; 63335; 15833.750; 12.970
values_136; 4838; 62004; 15501.000; 12.816
values_137; 4893; 63619; 15904.750; 13.002
values_138; 4906; 63869; 15967.250; 13.018
values_139; 4912; 64028; 16007.000; 13.035
values_14; 1379; 16789; 4197.250; 12.174
values_140; 3345; 44988; 11247.000; 13.449
values_141; 3335; 44402; 11100.500; 13.313
values_142; 3338; 44423; 11105.750; 13.308
values_143; 3336; 44615; 11153.750; 13.373
values_144; 3362; 45219; 11304.750; 13.450
values_145; 3340; 44613; 11153.250; 13.357
values_146; 3319; 44089; 11022.250; 13.283
values_147; 3332; 44552; 11138.000; 13.370
values_148; 3307; 43766; 10941.500; 13.234
values_149; 3361; 45171; 11292.750; 13.439
values_15; 1373; 16768; 4192.000; 12.212
values_150; 4887; 63119; 15779.750; 12.915
values_151; 4874; 63160; 15790.000; 12.958
values_152; 4911; 63774; 15943.500; 12.985
values_153; 4897; 63580; 15895.000; 12.983
values_154; 4868; 62697; 15674.250; 12.879
values_155; 4905; 63792; 15948.000; 13.005
values_156; 4870; 62976; 15744.000; 12.931
values_157; 4855; 62477; 15619.250; 12.868
values_158; 4898; 63379; 15844.750; 12.939
values_159; 4914; 63789; 15947.250; 12.981
values_16; 1371; 16635; 4158.750; 12.133
values_160; 2441; 31915; 7978.750; 13.074
values_161; 2424; 31720; 7930.000; 13.085
values_162; 2439; 31972; 7993.000; 13.108
values_163; 2412; 31458; 7864.500; 13.042
values_164; 2435; 31808; 7952.000; 13.062
values_165; 2406; 31292; 7823.000; 13.005
values_166; 2437; 31998; 7999.500; 13.130
values_167; 2431; 31617; 7904.250; 13.005
values_168; 2464; 32622; 8155.500; 13.239
values_169; 2449; 32106; 8026.500; 13.109
values_17; 1369; 16557; 4139.250; 12.094
values_170; 5486; 74774; 18693.500; 13.629
values_171; 5457; 74172; 18543.000; 13.592
values_172; 5478; 74306; 18576.500; 13.564
values_173; 5520; 75340; 18835.000; 13.648
values_174; 5474; 74271; 18567.750; 13.567
values_175; 5542; 75698; 18924.500; 13.658
values_176; 5480; 74076; 18519.000; 13.517
values_177; 5442; 73333; 18333.250; 13.475
values_178; 5486; 74616; 18654.000; 13.601
values_179; 5497; 74664; 18666.000; 13.582
values_18; 1386; 17042; 4260.500; 12.295
values_180; 155; 1413; 353.250; 9.116
values_181; 158; 1479; 369.750; 9.360
values_182; 155; 1413; 353.250; 9.116
values_183; 158; 1479; 369.750; 9.360
values_184; 155; 1413; 353.250; 9.116
values_185; 155; 1413; 353.250; 9.116
values_186; 158; 1479; 369.750; 9.360
values_187; 158; 1479; 369.750; 9.360
values_188; 158; 1479; 369.750; 9.360
values_189; 155; 1413; 353.250; 9.116
values_19; 1375; 16716; 4179.000; 12.157
values_190; 2890; 39474; 9868.500; 13.658
values_191; 2836; 38108; 9527.000; 13.437
values_192; 2891; 39268; 9817.000; 13.582
values_193; 2876; 39003; 9750.750; 13.561
values_194; 2863; 38714; 9678.500; 13.522
values_195; 2848; 38483; 9620.750; 13.512
values_196; 2849; 38438; 9609.500; 13.491
values_197; 2876; 39354; 9838.500; 13.683
values_198; 2877; 39145; 9786.250; 13.606
values_199; 2884; 39275; 9818.750; 13.618
values_20; 3283; 43497; 10874.250; 13.249
values_200; 4891; 63410; 15852.500; 12.964
values_201; 4898; 63615; 15903.750; 12.987
values_202; 4921; 63874; 15968.500; 12.979
values_203; 4844; 62414; 15603.500; 12.884
values_204; 4908; 63532; 15883.000; 12.944
values_205; 4898; 63358; 15839.500; 12.935
values_206; 4922; 63905; 15976.250; 12.983
values_207; 4922; 63919; 15979.750; 12.986
values_208; 4881; 62849; 15712.250; 12.876
values_209; 4891; 63460; 15865.000; 12.974
values_21; 3288; 43300; 10825.000; 13.169
values_210; 4892; 63427; 15856.750; 12.965
values_211; 4935; 64359; 16089.750; 13.041
values_212; 4939; 64407; 16101.750; 13.040
values_213; 4852; 62417; 15604.250; 12.864
values_214; 4888; 63324; 15831.000; 12.954
values_215; 4870; 62820; 15705.000; 12.899
values_216; 4879; 63276; 15819.000; 12.969
values_217; 4916; 64016; 16004.000; 13.021
values_218; 4911; 63254; 15813.500; 12.880
values_219; 4954; 64578; 16144.500; 13.035
values_22; 3373; 45364; 11341.000; 13.449
values_220; 2436; 31714; 7928.500; 13.018
values_221; 2488; 32968; 8242.000; 13.250
values_222; 2429; 31619; 7904.750; 13.017
values_223; 2455; 32348; 8087.000; 13.176
values_224; 2455; 32331; 8082.750; 13.169
values_225; 2431; 31782; 7945.500; 13.073
values_226; 2421; 31567; 7891.750; 13.038
values_227; 2460; 32617; 8154.250; 13.258
values_228; 2455; 32352; 8088.000; 13.178
values_229; 2439; 32109; 8027.250; 13.164
values_23; 3315; 43970; 10992.500; 13.263
values_230; 4333; 58490; 14622.500; 13.498
values_231; 4360; 58906; 14726.500; 13.510
values_232; 4311; 57752; 14438.000; 13.396
values_233; 4316; 57892; 14473.000; 13.413
values_234; 4322; 58073; 14518.250; 13.436
values_235; 4335; 58357; 14589.250; 13.461
values_236; 4432; 60376; 15094.000; 13.622
values_237; 4347; 58734; 14683.500; 13.511
values_238; 4410; 60041; 15010.250; 13.614
values_239; 4338; 58112; 14528.000; 13.396
values_24; 3307; 43848; 10962.000; 13.259
values_240; 6136; 88820; 22205.000; 14.475
values_241; 6086; 87785; 21946.250; 14.424
values_242; 6157; 89468; 22367.000; 14.531
values_243; 6125; 88617; 22154.250; 14.468
values_244; 6127; 88519; 22129.750; 14.447
values_245; 6087; 87648; 21912.000; 14.399
values_246; 6114; 88403; 22100.750; 14.459
values_247; 6073; 87508; 21877.000; 14.409
values_248; 6053; 86972; 21743.000; 14.368
values_249; 6114; 88422; 22105.500; 14.462
values_25; 3356; 45051; 11262.750; 13.424
values_250; 1701; 22453; 5613.250; 13.199
values_251; 1693; 22157; 5539.250; 13.087
values_252; 1703; 22333; 5583.250; 13.113
values_253; 1717; 22920; 5730.000; 13.348
values_254; 1695; 22242; 5560.500; 13.122
values_255; 1661; 21454; 5363.500; 12.916
values_256; 1730; 23054; 5763.500; 13.326
values_257; 1722; 22993; 5748.250; 13.352
values_258; 1705; 22536; 5634.000; 13.217
values_259; 1701; 22451; 5612.750; 13.198
values_26; 3389; 45777; 11444.250; 13.507
values_260; 614; 7158; 1789.500; 11.657
values_261; 604; 7015; 1753.750; 11.614
values_262; 610; 7090; 1772.500; 11.622
values_263; 614; 7249; 1812.250; 11.806
values_264; 626; 7534; 1883.500; 12.035
values_265; 620; 7423; 1855.750; 11.972
values_266; 622; 7416; 1854.000; 11.922
values_267; 632; 7599; 1899.750; 12.023
values_268; 628; 7582; 1895.500; 12.073
values_269; 602; 6964; 1741.000; 11.568
values_27; 3329; 44506; 11126.500; 13.369
values_270; 428; 4581; 1145.250; 10.703
values_271; 429; 4639; 1159.750; 10.813
values_272; 429; 4608; 1152.000; 10.741
values_273; 437; 4777; 1194.250; 10.931
values_274; 431; 4629; 1157.250; 10.740
values_275; 424; 4492; 1123.000; 10.594
values_276; 433; 4662; 1165.500; 10.766
values_277; 426; 4527; 1131.750; 10.626
values_278; 427; 4577; 1144.250; 10.718
values_279; 427; 4575; 1143.750; 10.714
values_28; 3278; 43144; 10786.000; 13.161
values_280; 277; 2929; 732.250; 10.574
values_281; 282; 3040; 760.000; 10.780
values_282; 272; 2797; 699.250; 10.283
values_283; 274; 2852; 713.000; 10.408
values_284; 275; 2874; 718.500; 10.450
values_285; 272; 2797; 699.250; 10.283
values_286; 274; 2852; 713.000; 10.408
values_287; 281; 3020; 755.000; 10.747
values_288; 269; 2720; 680.000; 10.111
values_289; 277; 2929; 732.250; 10.574
values_29; 3344; 44420; 11105.000; 13.283
values_290; 2440; 32087; 8021.750; 13.150
values_291; 2447; 32109; 8027.250; 13.121
values_292; 2470; 32729; 8182.250; 13.250
values_293; 2441; 32050; 8012.500; 13.129
values_294; 2394; 30896; 7724.000; 12.905
values_295; 2470; 32745; 8186.250; 13.257
values_296; 2441; 31969; 7992.250; 13.096
values_297; 2412; 31161; 7790.250; 12.919
values_298; 2463; 32545; 8136.250; 13.213
values_299; 2460; 32484; 8121.000; 13.204
values_30; 3814; 57703; 14425.750; 15.129
values_300; 7410; 101143; 25285.750; 13.649
values_301; 7409; 101607; 25401.750; 13.713
values_302; 7477; 102671; 25667.750; 13.731
values_303; 7415; 101015; 25253.750; 13.623
values_304; 7439; 101537; 25384.250; 13.649
values_305; 7391; 100966; 25241.500; 13.660
values_306; 7456; 102047; 25511.750; 13.686
values_307; 7419; 101156; 25289.000; 13.634
values_308; 7504; 102896; 25724.000; 13.712
values_309; 7381; 100602; 25150.500; 13.629
values_31; 3840; 58259; 14564.750; 15.171
values_310; 2054; 27343; 6835.750; 13.312
values_311; 2091; 28234; 7058.500; 13.502
values_312; 2067; 27729; 6932.250; 13.415
values_313; 2089; 28085; 7021.250; 13.444
values_314; 2053; 27187; 6796.750; 13.242
values_315; 2047; 26992; 6748.000; 13.186
values_316; 2047; 27042; 6760.500; 13.210
values_317; 2069; 27762; 6940.500; 13.418
values_318; 2079; 27784; 6946.000; 13.364
values_319; 2068; 27692; 6923.000; 13.390
values_32; 3817; 57622; 14405.500; 15.096
values_320; 5495; 74626; 18656.500; 13.580
values_321; 5436; 73148; 18287.000; 13.456
values_322; 5505; 75066; 18766.500; 13.635
values_323; 5542; 75564; 18891.000; 13.634
values_324; 5508; 74720; 18680.000; 13.565
values_325; 5448; 73844; 18461.000; 13.554
values_326; 5470; 74076; 18519.000; 13.542
values_327; 5465; 74113; 18528.250; 13.561
values_328; 5454; 73579; 18394.750; 13.490
values_329; 5466; 73981; 18495.250; 13.534
values_33; 3820; 57636; 14409.000; 15.087
values_330; 3819; 57857; 14464.250; 15.149
values_331; 3798; 57264; 14316.000; 15.077
values_332; 3808; 57268; 14317.000; 15.038
values_333; 3823; 57773; 14443.250; 15.111
values_334; 3837; 58025; 14506.250; 15.122
values_335; 3798; 56873; 14218.250; 14.974
values_336; 3790; 56755; 14188.750; 14.974
values_337; 3829; 58022; 14505.500; 15.153
values_338; 3788; 56581; 14145.250; 14.936
values_339; 3794; 56871; 14217.750; 14.989
values_34; 3786; 56822; 14205.500; 15.008
values_340; 2430; 31661; 7915.250; 13.029
values_341; 2451; 32291; 8072.750; 13.174
values_342; 2480; 32949; 8237.250; 13.285
values_343; 2432; 31909; 7977.250; 13.120
values_344; 2431; 31690; 7922.500; 13.035
values_345; 2457; 32429; 8107.250; 13.198
values_346; 2438; 31916; 7979.000; 13.091
values_347; 2462; 32548; 8137.000; 13.220
values_348; 2436; 31804; 7951.000; 13.055
values_349; 2442; 32033; 8008.250; 13.117
values_35; 3817; 57572; 14393.000; 15.083
values_350; 619; 7374; 1843.500; 11.912
values_351; 603; 6925; 1731.250; 11.484
values_352; 616; 7308; 1827.000; 11.863
values_353; 616; 7256; 1814.000; 11.779
values_354; 625; 7507; 1876.750; 12.011
values_355; 636; 7768; 1942.000; 12.213
values_356; 622; 7416; 1854.000; 11.922
values_357; 605; 6981; 1745.250; 11.538
values_358; 621; 7458; 1864.500; 12.009
values_359; 620; 7382; 1845.500; 11.906
values_36; 3826; 57686; 14421.500; 15.077
values_360; 2049; 27244; 6811.000; 13.296
values_361; 2073; 27756; 6939.000; 13.389
values_362; 2057; 27342; 6835.500; 13.292
values_363; 2066; 27624; 6906.000; 13.370
values_364; 2046; 27159; 6789.750; 13.274
values_365; 2047; 27116; 6779.000; 13.246
values_366; 2054; 27243; 6810.750; 13.263
values_367; 2056; 27400; 6850.000; 13.326
values_368; 2068; 27647; 6911.750; 13.368
values_369; 2021; 26347; 6586.750; 13.036
values_37; 3777; 56395; 14098.750; 14.931
values_370; 6115; 88644; 22161.000; 14.496
values_371; 6110; 88515; 22128.750; 14.486
values_372; 6110; 88119; 22029.750; 14.422
values_373; 6103; 87889; 21972.250; 14.400
values_374; 6127; 89020; 22255.000; 14.529
values_375; 6072; 87440; 21860.000; 14.400
values_376; 6138; 88958; 22239.500; 14.492
values_377; 6061; 86782; 21695.500; 14.318
values_378; 6111; 88407; 22101.750; 14.466
values_379; 6064; 87313; 21828.250; 14.398
values_38; 3798; 57095; 14273.750; 15.032
values_380; 612; 7124; 1781.000; 11.640
values_381; 620; 7365; 1841.250; 11.879
values_382; 609; 7124; 1781.000; 11.697
values_383; 600; 6856; 1714.000; 11.426
values_384; 619; 7333; 1833.250; 11.846
values_385; 603; 6914; 1728.500; 11.466
values_386; 612; 7182; 1795.500; 11.735
values_387; 612; 7149; 1787.250; 11.681
values_388; 615; 7257; 1814.250; 11.800
values_389; 613; 7189; 1797.250; 11.727
values_39; 3818; 57735; 14433.750; 15.121
values_390; 4929; 64154; 16038.500; 13.015
values_391; 4866; 62988; 15747.000; 12.944
values_392; 4878; 63230; 15807.500; 12.962
values_393; 4880; 63129; 15782.250; 12.936
values_394; 4886; 62839; 15709.750; 12.861
values_395; 4924; 64136; 16034.000; 13.025
values_396; 4852; 62589; 15647.250; 12.899
values_397; 4899; 63461; 15865.250; 12.953
values_398; 4898; 63785; 15946.250; 13.022
values_399; 4863; 62567; 15641.750; 12.865
values_40; 619; 7358; 1839.500; 11.886
values_400; 6121; 88543; 22135.750; 14.465
values_401; 6122; 88900; 22225.000; 14.521
values_402; 6110; 88894; 22223.500; 14.548
values_403; 6100; 88295; 22073.750; 14.474
values_404; 6125; 88944; 22236.000; 14.521
values_405; 6116; 88545; 22136.250; 14.477
values_406; 6191; 90269; 22567.250; 14.580
values_407; 6089; 88033; 22008.250; 14.457
values_408; 6109; 88517; 22129.250; 14.489
values_409; 6121; 88674; 22168.500; 14.486
values_41; 615; 7306; 1826.500; 11.879
values_410; 1093; 13993; 3498.250; 12.802
values_411; 1089; 13868; 3467.000; 12.734
values_412; 1081; 13816; 3454.000; 12.780
values_413; 1093; 13930; 3482.500; 12.744
values_414; 1107; 14404; 3601.000; 13.011
values_415; 1094; 14090; 3522.500; 12.879
values_416; 1100; 14239; 3559.750; 12.944
values_417; 1100; 14152; 3538.000; 12.865
values_418; 1105; 14332; 3583.000; 12.970
values_419; 1089; 14008; 3502.000; 12.863
values_42; 610; 7123; 1780.750; 11.677
values_420; 1705; 22635; 5658.750; 13.275
values_421; 1713; 22716; 5679.000; 13.260
values_422; 1694; 22467; 5616.750; 13.262
values_423; 1688; 22177; 5544.250; 13.138
values_424; 1707; 22703; 5675.750; 13.299
values_425; 1679; 21971; 5492.750; 13.085
values_426; 1694; 22322; 5580.500; 13.177
values_427; 1710; 22814; 5703.500; 13.341
values_428; 1701; 22530; 5632.500; 13.245
values_429; 1689; 22228; 5557.000; 13.160
values_43; 613; 7159; 1789.750; 11.678
values_430; 2886; 39116; 9779.000; 13.553
values_431; 2881; 39218; 9804.500; 13.612
values_432; 2844; 38403; 9600.750; 13.503
values_433; 2857; 38733; 9683.250; 13.557
values_434; 2872; 39084; 9771.000; 13.608
values_435; 2855; 38576; 9644.000; 13.511
values_436; 2836; 38438; 9609.500; 13.553
values_437; 2875; 39148; 9787.000; 13.616
values_438; 2889; 39359; 9839.750; 13.623
values_439; 2843; 38458; 9614.500; 13.527
values_44; 615; 7273; 1818.250; 11.826
values_440; 1688; 22017; 5504.250; 13.043
values_441; 1678; 21879; 5469.750; 13.038
values_442; 1694; 22134; 5533.500; 13.066
values_443; 1709; 22599; 5649.750; 13.223
values_444; 1727; 23195; 5798.750; 13.430
values_445; 1684; 21916; 5479.000; 13.014
values_446; 1722; 22917; 5729.250; 13.308
values_447; 1715; 22794; 5698.500; 13.290
values_448; 1696; 22212; 5553.000; 13.096
values_449; 1703; 22628; 5657.000; 13.287
values_45; 617; 7332; 1833.000; 11.883
values_450; 272; 2797; 699.250; 10.283
values_451; 274; 2862; 715.500; 10.445
values_452; 276; 2886; 721.500; 10.456
values_453; 277; 2929; 732.250; 10.574
values_454; 272; 2797; 699.250; 10.283
values_455; 274; 2862; 715.500; 10.445
values_456; 277; 2939; 734.750; 10.610
values_457; 284; 3097; 774.250; 10.904
values_458; 274; 2852; 713.000; 10.408
values_459; 284; 3097; 774.250; 10.904
values_46; 603; 6988; 1747.000; 11.588
values_460; 429; 4606; 1151.500; 10.736
values_461; 438; 4835; 1208.750; 11.038
values_462; 439; 4829; 1207.250; 11.000
values_463; 425; 4554; 1138.500; 10.715
values_464; 430; 4648; 1162.000; 10.809
values_465; 426; 4564; 1141.000; 10.713
values_466; 423; 4461; 1115.250; 10.546
values_467; 418; 4346; 1086.500; 10.397
values_468; 427; 4544; 1136.000; 10.641
values_469; 426; 4523; 1130.750; 10.617
values_47; 611; 7254; 1813.500; 11.872
values_470; 4301; 57597; 14399.250; 13.391
values_471; 4320; 57724; 14431.000; 13.362
values_472; 4353; 58712; 14678.000; 13.487
values_473; 4321; 58011; 14502.750; 13.425
values_474; 4336; 58098; 14524.500; 13.398
values_475; 4356; 58663; 14665.750; 13.467
values_476; 4352; 58580; 14645.000; 13.460
values_477; 4345; 58288; 14572.000; 13.414
values_478; 4311; 57736; 14434.000; 13.392
values_479; 4335; 58292; 14573.000; 13.446
values_48; 624; 7467; 1866.750; 11.966
values_480; 4354; 58838; 14709.500; 13.513
values_481; 4320; 58051; 14512.750; 13.437
values_482; 4363; 59000; 14750.000; 13.522
values_483; 4358; 58708; 14677.000; 13.471
values_484; 4329; 58415; 14603.750; 13.493
values_485; 4362; 58962; 14740.500; 13.517
values_486; 4365; 59170; 14792.500; 13.555
values_487; 4392; 59479; 14869.750; 13.542
values_488; 4356; 58938; 14734.500; 13.530
values_489; 4332; 58367; 14591.750; 13.473
values_49; 610; 7090; 1772.500; 11.622
values_490; 4347; 58576; 14644.000; 13.475
values_491; 4420; 60196; 15049.000; 13.619
values_492; 4288; 57249; 14312.250; 13.350
values_493; 4394; 59655; 14913.750; 13.576
values_494; 4379; 59407; 14851.750; 13.566
values_495; 4320; 57377; 14344.250; 13.281
values_496; 4405; 59905; 14976.250; 13.599
values_497; 4336; 58557; 14639.250; 13.504
values_498; 4364; 59036; 14759.000; 13.527
values_499; 4349; 58776; 14694.000; 13.514
values_50; 4887; 63353; 15838.250; 12.963
values_500; 6113; 88306; 22076.500; 14.445
values_501; 6152; 89565; 22391.250; 14.558
values_502; 6108; 88265; 22066.250; 14.450
values_503; 6083; 88225; 22056.250; 14.503
values_504; 6075; 87442; 21860.500; 14.393
values_505; 6110; 88008; 22002.000; 14.403
values_506; 6079; 87755; 21938.750; 14.435
values_507; 6110; 88398; 22099.500; 14.467
values_508; 6099; 88029; 22007.250; 14.433
values_509; 6082; 87689; 21922.250; 14.417
values_51; 4895; 63264; 15816.000; 12.924
values_510; 819; 9674; 2418.500; 11.811
values_511; 842; 10275; 2568.750; 12.203
values_512; 840; 10199; 2549.750; 12.141
values_513; 830; 10018; 2504.500; 12.069
values_514; 841; 10249; 2562.250; 12.186
values_515; 850; 10478; 2619.500; 12.327
values_516; 842; 10242; 2560.500; 12.163
values_517; 827; 9866; 2466.500; 11.929
values_518; 852; 10479; 2619.750; 12.299
values_519; 853; 10577; 2644.250; 12.399
values_52; 4841; 62296; 15574.000; 12.868
values_520; 2463; 32485; 8121.250; 13.189
values_521; 2438; 32029; 8007.250; 13.137
values_522; 2439; 32083; 8020.750; 13.154
values_523; 2447; 32053; 8013.250; 13.098
values_524; 2454; 32177; 8044.250; 13.112
values_525; 2459; 32495; 8123.750; 13.214
values_526; 2428; 31808; 7952.000; 13.100
values_527; 2425; 31598; 7899.500; 13.030
values_528; 2447; 32160; 8040.000; 13.142
values_529; 2481; 32995; 8248.750; 13.299
values_53; 4842; 62228; 15557.000; 12.851
values_530; 3329; 44622; 11155.500; 13.404
values_531; 3341; 44750; 11187.500; 13.394
values_532; 3300; 43703; 10925.750; 13.243
values_533; 3326; 44504; 11126.000; 13.380
values_534; 3317; 44026; 11006.500; 13.272
values_535; 3344; 44601; 11150.250; 13.337
values_536; 3341; 44791; 11197.750; 13.406
values_537; 3331; 44422; 11105.500; 13.335
values_538; 3351; 44913; 11228.250; 13.402
values_539; 3325; 44121; 11030.250; 13.269
values_54; 4868; 62757; 15689.250; 12.891
values_540; 2873; 38855; 9713.750; 13.524
values_541; 2902; 39605; 9901.250; 13.647
values_542; 2870; 38959; 9739.750; 13.574
values_543; 2853; 38542; 9635.500; 13.509
values_544; 2860; 38422; 9605.500; 13.434
values_545; 2905; 39787; 9946.750; 13.696
values_546; 2887; 39431; 9857.750; 13.658
values_547; 2823; 37978; 9494.500; 13.453
values_548; 2869; 38871; 9717.750; 13.548
values_549; 2893; 39389; 9847.250; 13.615
values_55; 4884; 63019; 15754.750; 12.903
values_550; 1709; 22509; 5627.250; 13.170
values_551; 1721; 22919; 5729.750; 13.317
values_552; 1707; 22729; 5682.250; 13.315
values_553; 1729; 23122; 5780.500; 13.373
values_554; 1677; 21794; 5448.500; 12.995
values_555; 1699; 22424; 5606.000; 13.198
values_556; 1710; 22727; 5681.750; 13.290
values_557; 1676; 21656; 5414.000; 12.921
values_558; 1748; 23489; 5872.250; 13.437
values_559; 1711; 22719; 5679.750; 13.278
values_56; 4951; 64637; 16159.250; 13.055
values_560; 1389; 17098; 4274.500; 12.309
values_561; 1381; 16907; 4226.750; 12.242
values_562; 1374; 16830; 4207.500; 12.248
values_563; 1368; 16625; 4156.250; 12.152
values_564; 1369; 16662; 4165.500; 12.170
values_565; 1399; 17314; 4328.500; 12.375
values_566; 1386; 17164; 4291.000; 12.383
values_567; 1358; 16531; 4132.750; 12.173
values_568; 1372; 16807; 4201.750; 12.250
values_569; 1372; 16621; 4155.250; 12.114
values_57; 4928; 64250; 16062.500; 13.037
values_570; 4388; 59525; 14881.250; 13.565
values_571; 4338; 58489; 14622.250; 13.482
values_572; 4319; 58039; 14509.750; 13.438
values_573; 4306; 57589; 14397.250; 13.374
values_574; 4334; 58213; 14553.250; 13.431
values_575; 4349; 58811; 14702.750; 13.522
values_576; 4335; 58307; 14576.750; 13.450
values_577; 4341; 58421; 14605.250; 13.457
values_578; 4337; 58353; 14588.250; 13.454
values_579; 4334; 58307; 14576.750; 13.453
values_58; 4880; 63245; 15811.250; 12.960
values_580; 2865; 38808; 9702.000; 13.545
values_581; 2852; 38370; 9592.500; 13.453
values_582; 2853; 38425; 9606.250; 13.468
values_583; 2915; 40022; 10005.500; 13.729
values_584; 2908; 39880; 9970.000; 13.713
values_585; 2882; 38963; 9740.750; 13.519
values_586; 2870; 39091; 9772.750; 13.620
values_587; 2845; 38237; 9559.250; 13.440
values_588; 2869; 38829; 9707.250; 13.533
values_589; 2860; 38757; 9689.250; 13.551
values_59; 4871; 62924; 15731.000; 12.918
values_590; 1379; 16774; 4193.500; 12.163
values_591; 1401; 17384; 4346.000; 12.408
values_592; 1394; 17133; 4283.250; 12.290
values_593; 1370; 16679; 4169.750; 12.174
values_594; 1383; 16946; 4236.500; 12.253
values_595; 1361; 16475; 4118.750; 12.105
values_596; 1372; 16702; 4175.500; 12.173
values_597; 1361; 16428; 4107.000; 12.070
values_598; 1389; 17160; 4290.000; 12.354
values_599; 1384; 16971; 4242.750; 12.262
values_60; 6783; 92773; 23193.250; 13.677
values_600; 280; 2967; 741.750; 10.596
values_601; 274; 2852; 713.000; 10.408
values_602; 269; 2720; 680.000; 10.111
values_603; 271; 2775; 693.750; 10.239
values_604; 272; 2797; 699.250; 10.283
values_605; 272; 2797; 699.250; 10.283
values_606; 280; 2967; 741.750; 10.596
values_607; 282; 3040; 760.000; 10.780
values_608; 276; 2886; 721.500; 10.456
values_609; 272; 2797; 699.250; 10.283
values_61; 6753; 92296; 23074.000; 13.667
values_610; 3317; 43923; 10980.750; 13.241
values_611; 3346; 44723; 11180.750; 13.366
values_612; 3333; 44582; 11145.500; 13.375
values_613; 3351; 44828; 11207.000; 13.377
values_614; 3320; 44272; 11068.000; 13.334
values_615; 3350; 44810; 11202.500; 13.376
values_616; 3367; 45429; 11357.250; 13.492
values_617; 3339; 44581; 11145.250; 13.351
values_618; 3282; 43480; 10870.000; 13.248
values_619; 3307; 44079; 11019.750; 13.328
values_62; 6784; 92924; 23231.000; 13.697
values_620; 158; 1479; 369.750; 9.360
values_621; 158; 1479; 369.750; 9.360
values_622; 155; 1413; 353.250; 9.116
values_623; 158; 1479; 369.750; 9.360
values_624; 155; 1413; 353.250; 9.116
values_625; 155; 1413; 353.250; 9.116
values_626; 158; 1479; 369.750; 9.360
values_627; 158; 1479; 369.750; 9.360
values_628; 155; 1413; 353.250; 9.116
values_629; 155; 1413; 353.250; 9.116
values_63; 6731; 91747; 22936.750; 13.630
values_630; 272; 2797; 699.250; 10.283
values_631; 276; 2886; 721.500; 10.456
values_632; 276; 2886; 721.500; 10.456
values_633; 269; 2720; 680.000; 10.111
values_634; 278; 2943; 735.750; 10.586
values_635; 279; 2963; 740.750; 10.620
values_636; 274; 2852; 713.000; 10.408
values_637; 274; 2852; 713.000; 10.408
values_638; 274; 2862; 715.500; 10.445
values_639; 269; 2720; 680.000; 10.111
values_64; 6781; 92613; 23153.250; 13.657
values_640; 2053; 27430; 6857.500; 13.360
values_641; 2048; 27069; 6767.250; 13.217
values_642; 2052; 27062; 6765.500; 13.188
values_643; 2047; 27228; 6807.000; 13.301
values_644; 2080; 27774; 6943.500; 13.352
values_645; 2049; 27009; 6752.250; 13.181
values_646; 2055; 27266; 6816.500; 13.268
values_647; 2050; 27331; 6832.750; 13.332
values_648; 2034; 26943; 6735.750; 13.246
values_649; 2039; 26654; 6663.500; 13.072
values_65; 6755; 92069; 23017.250; 13.629
values_650; 1713; 22771; 5692.750; 13.293
values_651; 1675; 21867; 5466.750; 13.054
values_652; 1695; 22265; 5566.250; 13.135
values_653; 1680; 21876; 5469.000; 13.021
values_654; 1692; 22187; 5546.750; 13.112
values_655; 1687; 22132; 5533.000; 13.119
values_656; 1696; 22400; 5600.000; 13.207
values_657; 1684; 22009; 5502.250; 13.069
values_658; 1688; 22064; 5516.000; 13.071
values_659; 1709; 22529; 5632.250; 13.182
values_66; 6821; 93664; 23416.000; 13.731
values_660; 434; 4725; 1181.250; 10.887
values_661; 438; 4841; 1210.250; 11.052
values_662; 433; 4714; 1178.500; 10.886
values_663; 441; 4862; 1215.500; 11.024
values_664; 429; 4540; 1135.000; 10.582
values_665; 431; 4662; 1165.500; 10.816
values_666; 419; 4367; 1091.750; 10.422
values_667; 426; 4554; 1138.500; 10.690
values_668; 430; 4617; 1154.250; 10.737
values_669; 423; 4485; 1121.250; 10.602
values_67; 6785; 92846; 23211.500; 13.684
values_670; 2859; 38567; 9641.750; 13.489
values_671; 2841; 38266; 9566.500; 13.469
values_672; 2866; 38904; 9726.000; 13.574
values_673; 2876; 39031; 9757.750; 13.571
values_674; 2871; 39196; 9799.000; 13.652
values_675; 2852; 38302; 9575.500; 13.429
values_676; 2875; 39072; 9768.000; 13.590
values_677; 2890; 39489; 9872.250; 13.664
values_678; 2901; 39588; 9897.000; 13.646
values_679; 2844; 38308; 9577.000; 13.469
values_68; 6775; 92400; 23100.000; 13.638
values_680; 2049; 27255; 6813.750; 13.301
values_681; 2096; 28166; 7041.500; 13.437
values_682; 2054; 27462; 6865.500; 13.370
values_683; 2043; 27121; 6780.250; 13.275
values_684; 2021; 26559; 6639.750; 13.141
values_685; 2075; 27842; 6960.500; 13.417
values_686; 2054; 27288; 6822.000; 13.285
values_687; 2062; 27603; 6900.750; 13.386
values_688; 2024; 26766; 6691.500; 13.224
values_689; 2045; 27165; 6791.250; 13.283
values_69; 6752; 91945; 22986.250; 13.617
values_690; 830; 9856; 2464.000; 11.874
values_691; 830; 9891; 2472.750; 11.916
values_692; 845; 10341; 2585.250; 12.237
values_693; 829; 9991; 2497.750; 12.051
values_694; 837; 10232; 2558.000; 12.224
values_695; 843; 10227; 2556.750; 12.131
values_696; 829; 9867; 2466.750; 11.902
values_697; 825; 9799; 2449.750; 11.877
values_698; 840; 10216; 2554.000; 12.161
values_699; 825; 9906; 2476.500; 12.007
values_70; 2860; 38794; 9698.500; 13.564
values_700; 2062; 27414; 6853.500; 13.294
values_701; 2042; 26982; 6745.500; 13.213
values_702; 2079; 28077; 7019.250; 13.505
values_703; 2052; 27308; 6827.000; 13.307
values_704; 2075; 27752; 6938.000; 13.374
values_705; 2094; 28279; 7069.750; 13.504
values_706; 2055; 27391; 6847.750; 13.328
values_707; 2079; 27879; 6969.750; 13.409
values_708; 2065; 27615; 6903.750; 13.372
values_709; 1998; 25758; 6439.500; 12.891
values_71; 2866; 38686; 9671.500; 13.498
values_710; 2039; 26932; 6733.000; 13.208
values_711; 2042; 27146; 6786.500; 13.293
values_712; 2055; 27328; 6832.000; 13.298
values_713; 2066; 27490; 6872.500; 13.305
values_714; 2069; 27595; 6898.750; 13.337
values_715; 2104; 28514; 7128.500; 13.552
values_716; 2034; 26741; 6685.250; 13.147
values_717; 2073; 27592; 6898.000; 13.310
values_718; 2057; 27286; 6821.500; 13.264
values_719; 2063; 27542; 6885.500; 13.350
values_72; 2876; 38837; 9709.250; 13.503
values_720; 4368; 59002; 14750.500; 13.507
values_721; 4353; 58604; 14651.000; 13.462
values_722; 4314; 57931; 14482.750; 13.428
values_723; 4377; 59408; 14852.000; 13.572
values_724; 4339; 58355; 14588.750; 13.448
values_725; 4335; 58358; 14589.500; 13.462
values_726; 4332; 58425; 14606.250; 13.486
values_727; 4380; 59527; 14881.750; 13.590
values_728; 4388; 59369; 14842.250; 13.529
values_729; 4326; 58399; 14599.750; 13.499
values_73; 2864; 38911; 9727.750; 13.586
values_730; 822; 9823; 2455.750; 11.950
values_731; 845; 10286; 2571.500; 12.172
values_732; 838; 10099; 2524.750; 12.051
values_733; 836; 10170; 2542.500; 12.165
values_734; 831; 9992; 2498.000; 12.024
values_735; 829; 9867; 2466.750; 11.902
values_736; 846; 10335; 2583.750; 12.216
values_737; 818; 9584; 2396.000; 11.716
values_738; 836; 10043; 2510.750; 12.013
values_739; 852; 10567; 2641.750; 12.402
values_74; 2838; 38196; 9549.000; 13.458
values_740; 3809; 57347; 14336.750; 15.055
values_741; 3811; 57240; 14310.000; 15.019
values_742; 3819; 57653; 14413.250; 15.096
values_743; 3842; 58220; 14555.000; 15.153
values_744; 3807; 57254; 14313.500; 15.039
values_745; 3804; 56966; 14241.500; 14.975
values_746; 3838; 58132; 14533.000; 15.146
values_747; 3797; 57053; 14263.250; 15.025
values_748; 3785; 56717; 14179.250; 14.984
values_749; 3827; 57915; 14478.750; 15.133
values_75; 2886; 39203; 9800.750; 13.583
values_750; 1385; 17094; 4273.500; 12.342
values_751; 1393; 17282; 4320.500; 12.406
values_752; 1367; 16418; 4104.500; 12.010
values_753; 1380; 16967; 4241.750; 12.294
values_754; 1379; 16789; 4197.250; 12.174
values_755; 1397; 17266; 4316.500; 12.359
values_756; 1370; 16544; 4136.000; 12.075
values_757; 1387; 17104; 4276.000; 12.331
values_758; 1383; 16930; 4232.500; 12.241
values_759; 1408; 17451; 4362.750; 12.394
values_76; 2848; 38386; 9596.500; 13.478
values_760; 1695; 22391; 5597.750; 13.210
values_761; 1705; 22538; 5634.500; 13.218
values_762; 1706; 22657; 5664.250; 13.280
values_763; 1703; 22488; 5622.000; 13.204
values_764; 1705; 22502; 5625.500; 13.197
values_765; 1722; 22990; 5747.500; 13.350
values_766; 1697; 22458; 5614.500; 13.233
values_767; 1699; 22487; 5621.750; 13.235
values_768; 1697; 22343; 5585.750; 13.166
values_769; 1705; 22428; 5607.000; 13.154
values_77; 2894; 39720; 9930.000; 13.724
values_770; 2890; 39496; 9874.000; 13.666
values_771; 2865; 38585; 9646.250; 13.467
values_772; 2846; 38308; 9577.000; 13.460
values_773; 2875; 38879; 9719.750; 13.523
values_774; 2879; 39311; 9827.750; 13.654
values_775; 2867; 38813; 9703.250; 13.537
values_776; 2866; 38829; 9707.250; 13.548
values_777; 2851; 38421; 9605.250; 13.476
values_778; 2832; 38273; 9568.250; 13.514
values_779; 2911; 39984; 9996.000; 13.735
values_78; 2912; 39896; 9974.000; 13.700
values_780; 614; 7233; 1808.250; 11.780
values_781; 609; 7066; 1766.500; 11.602
values_782; 615; 7248; 1812.000; 11.785
values_783; 615; 7339; 1834.750; 11.933
values_784; 625; 7499; 1874.750; 11.998
values_785; 612; 7124; 1781.000; 11.640
values_786; 620; 7349; 1837.250; 11.853
values_787; 610; 7014; 1753.500; 11.498
values_788; 616; 7308; 1827.000; 11.863
values_789; 619; 7358; 1839.500; 11.886
values_79; 2841; 38228; 9557.000; 13.455
values_790; 2454; 32177; 8044.250; 13.112
values_791; 2434; 31938; 7984.500; 13.121
values_792; 2433; 31928; 7982.000; 13.122
values_793; 2488; 33124; 8281.000; 13.313
values_794; 2472; 32748; 8187.000; 13.247
values_795; 2489; 33251; 8312.750; 13.359
values_796; 2440; 32165; 8041.250; 13.182
values_797; 2444; 32012; 8003.000; 13.098
values_798; 2456; 32340; 8085.000; 13.167
values_799; 2437; 31720; 7930.000; 13.016
values_80; 2443; 32021; 8005.250; 13.107
values_800; 838; 10165; 2541.250; 12.130
values_801; 838; 10226; 2556.500; 12.202
values_802; 831; 10017; 2504.250; 12.054
values_803; 833; 10084; 2521.000; 12.105
values_804; 843; 10277; 2569.250; 12.190
values_805; 824; 9791; 2447.750; 11.882
values_806; 820; 9668; 2417.000; 11.790
values_807; 843; 10368; 2592.000; 12.298
values_808; 835; 10041; 2510.250; 12.025
values_809; 835; 10093; 2523.250; 12.087
values_81; 2446; 32080; 8020.000; 13.115
values_810; 6820; 93762; 23440.500; 13.748
values_811; 6746; 91963; 22990.750; 13.632
values_812; 6719; 91139; 22784.750; 13.564
values_813; 6814; 93182; 23295.500; 13.675
values_814; 6786; 93147; 23286.750; 13.726
values_815; 6763; 92196; 23049.000; 13.632
values_816; 6724; 91796; 22949.000; 13.651
values_817; 6749; 92119; 23029.750; 13.649
values_818; 6757; 92186; 23046.500; 13.643
values_819; 6854; 94149; 23537.250; 13.736
values_82; 2418; 31490; 7872.500; 13.023
values_820; 6764; 92563; 23140.750; 13.684
values_821; 6796; 92885; 23221.250; 13.667
values_822; 6840; 93350; 23337.500; 13.647
values_823; 6747; 91904; 22976.000; 13.621
values_824; 6739; 91683; 22920.750; 13.604
values_825; 6785; 92710; 23177.500; 13.663
values_826; 6794; 92893; 23223.250; 13.672
values_827; 6738; 91716; 22929.000; 13.611
values_828; 6791; 92770; 23192.500; 13.660
values_829; 6741; 92062; 23015.500; 13.657
values_83; 2437; 32074; 8018.500; 13.161
values_830; 2855; 38774; 9693.500; 13.581
values_831; 2898; 39554; 9888.500; 13.648
values_832; 2884; 39293; 9823.250; 13.624
values_833; 2850; 38357; 9589.250; 13.458
values_834; 2857; 38496; 9624.000; 13.474
values_835; 2897; 39519; 9879.750; 13.641
values_836; 2871; 38835; 9708.750; 13.526
values_837; 2867; 38875; 9718.750; 13.559
values_838; 2883; 39242; 9810.500; 13.611
values_839; 2885; 39318; 9829.500; 13.628
values_84; 2435; 32045; 8011.250; 13.160
values_840; 7451; 101842; 25460.500; 13.668
values_841; 7476; 102093; 25523.250; 13.656
values_842; 7449; 101664; 25416.000; 13.648
values_843; 7380; 100439; 25109.750; 13.609
values_844; 7419; 101361; 25340.250; 13.662
values_845; 7408; 101033; 25258.250; 13.638
values_846; 7509; 103475; 25868.750; 13.780
values_847; 7521; 103768; 25942.000; 13.797
values_848; 7458; 102329; 25582.250; 13.720
values_849; 7441; 101434; 25358.500; 13.631
values_85; 2444; 32126; 8031.500; 13.144
values_850; 630; 7591; 1897.750; 12.049
values_851; 615; 7265; 1816.250; 11.813
values_852; 610; 7090; 1772.500; 11.622
values_853; 618; 7290; 1822.500; 11.796
values_854; 628; 7557; 1889.250; 12.033
values_855; 618; 7315; 1828.750; 11.836
values_856; 602; 6980; 1745.000; 11.594
values_857; 616; 7264; 1816.000; 11.792
values_858; 617; 7299; 1824.750; 11.829
values_859; 610; 7065; 1766.250; 11.581
values_86; 2437; 32038; 8009.500; 13.146
values_860; 6767; 92307; 23076.750; 13.640
values_861; 6780; 92541; 23135.250; 13.649
values_862; 6782; 92915; 23228.750; 13.700
values_863; 6723; 91540; 22885.000; 13.615
values_864; 6762; 92567; 23141.750; 13.689
values_865; 6792; 92991; 23247.750; 13.691
values_866; 6832; 93642; 23410.500; 13.706
values_867; 6756; 91779; 22944.750; 13.584
values_868; 6729; 91690; 22922.500; 13.626
values_869; 6700; 90675; 22668.750; 13.533
values_87; 2473; 32761; 8190.250; 13.247
values_870; 433; 4683; 1170.750; 10.815
values_871; 425; 4513; 1128.250; 10.618
values_872; 434; 4712; 1178.000; 10.857
values_873; 422; 4458; 1114.500; 10.563
values_874; 435; 4752; 1188.000; 10.924
values_875; 430; 4658; 1164.500; 10.832
values_876; 422; 4419; 1104.750; 10.471
values_877; 434; 4702; 1175.500; 10.834
values_878; 430; 4612; 1153.000; 10.725
values_879; 439; 4829; 1207.250; 11.000
values_88; 2422; 31692; 7923.000; 13.085
values_880; 4909; 63745; 15936.250; 12.985
values_881; 4912; 63658; 15914.500; 12.959
values_882; 4926; 64211; 16052.750; 13.035
values_883; 4862; 62499; 15624.750; 12.854
values_884; 4907; 63557; 15889.250; 12.952
values_885; 4855; 62756; 15689.000; 12.926
values_886; 4898; 63511; 15877.750; 12.966
values_887; 4900; 63445; 15861.250; 12.947
values_888; 4910; 63848; 15962.000; 13.003
values_889; 4921; 63876; 15969.000; 12.980
values_89; 2411; 31340; 7835.000; 12.998
values_890; 1090; 13894; 3473.500; 12.746
values_891; 1097; 14215; 3553.750; 12.958
values_892; 1083; 13777; 3444.250; 12.721
values_893; 1108; 14419; 3604.750; 13.013
values_894; 1083; 13819; 3454.750; 12.759
values_895; 1078; 13727; 3431.750; 12.733
values_896; 1078; 13733; 3433.250; 12.739
values_897; 1084; 13848; 3462.000; 12.774
values_898; 1091; 14033; 3508.250; 12.862
values_899; 1099; 14188; 3547.000; 12.909
values_90; 4336; 58550; 14637.500; 13.503
values_900; 2851; 38701; 9675.250; 13.574
values_901; 2873; 39107; 9776.750; 13.611
values_902; 2866; 38928; 9732.000; 13.582
values_903; 2926; 40445; 10111.250; 13.822
values_904; 2892; 39490; 9872.500; 13.654
values_905; 2833; 38111; 9527.750; 13.452
values_906; 2885; 39150; 9787.500; 13.570
values_907; 2905; 39701; 9925.250; 13.666
values_908; 2883; 39163; 9790.750; 13.584
values_909; 2880; 39338; 9834.500; 13.659
values_91; 4381; 59215; 14803.750; 13.516
values_910; 3813; 57476; 14369.000; 15.073
values_911; 3803; 57342; 14335.500; 15.078
values_912; 3843; 58340; 14585.000; 15.180
values_913; 3826; 57934; 14483.500; 15.142
values_914; 3805; 57496; 14374.000; 15.110
values_915; 3804; 57215; 14303.750; 15.040
values_916; 3793; 56961; 14240.250; 15.017
values_917; 3830; 57797; 14449.250; 15.090
values_918; 3803; 57015; 14253.750; 14.992
values_919; 3748; 55868; 13967.000; 14.906
values_92; 4298; 57481; 14370.250; 13.373
values_920; 830; 9932; 2483.000; 11.966
values_921; 848; 10427; 2606.750; 12.295
values_922; 836; 10126; 2531.500; 12.112
values_923; 848; 10449; 2612.250; 12.321
values_924; 829; 9900; 2475.000; 11.942
values_925; 826; 9867; 2466.750; 11.945
values_926; 848; 10394; 2598.500; 12.257
values_927; 842; 10250; 2562.500; 12.173
values_928; 834; 10075; 2518.750; 12.080
values_929; 827; 9915; 2478.750; 11.989
values_93; 4389; 59558; 14889.500; 13.569
values_930; 155; 1413; 353.250; 9.116
values_931; 155; 1413; 353.250; 9.116
values_932; 155; 1413; 353.250; 9.116
values_933; 155; 1413; 353.250; 9.116
values_934; 158; 1479; 369.750; 9.360
values_935; 155; 1413; 353.250; 9.116
values_936; 158; 1479; 369.750; 9.360
values_937; 158; 1479; 369.750; 9.360
values_938; 158; 1479; 369.750; 9.360
values_939; 158; 1479; 369.750; 9.360
values_94; 4340; 58518; 14629.500; 13.483
values_940; 6760; 92542; 23135.500; 13.689
values_941; 6788; 92710; 23177.500; 13.657
values_942; 6803; 93009; 23252.250; 13.671
values_943; 6763; 92268; 23067.000; 13.643
values_944; 6847; 94189; 23547.250; 13.756
values_945; 6821; 93314; 23328.500; 13.680
values_946; 6785; 92606; 23151.500; 13.648
values_947; 6768; 92347; 23086.750; 13.644
values_948; 6788; 92548; 23137.000; 13.634
values_949; 6828; 93952; 23488.000; 13.759
values_95; 4354; 58894; 14723.500; 13.526
values_950; 5453; 73492; 18373.000; 13.477
values_951; 5476; 74176; 18544.000; 13.545
values_952; 5458; 73613; 18403.250; 13.487
values_953; 5529; 75357; 18839.250; 13.629
values_954; 5471; 74296; 18574.000; 13.579
values_955; 5486; 74342; 18585.500; 13.551
values_956; 5470; 74044; 18511.000; 13.536
values_957; 5470; 73995; 18498.750; 13.527
values_958; 5523; 75248; 18812.000; 13.624
values_959; 5432; 73545; 18386.250; 13.539
values_96; 4290; 57381; 14345.250; 13.375
values_960; 1092; 13979; 3494.750; 12.801
values_961; 1083; 13748; 3437.000; 12.694
values_962; 1104; 14367; 3591.750; 13.013
values_963; 1094; 13994; 3498.500; 12.791
values_964; 1095; 14102; 3525.500; 12.878
values_965; 1088; 13837; 3459.250; 12.717
values_966; 1085; 13849; 3462.250; 12.764
values_967; 1102; 14259; 3564.750; 12.939
values_968; 1084; 13777; 3444.250; 12.709
values_969; 1088; 13889; 3472.250; 12.765
values_97; 4325; 57893; 14473.250; 13.385
values_970; 5470; 74135; 18533.750; 13.553
values_971; 5454; 73677; 18419.250; 13.508
values_972; 5466; 74168; 18542.000; 13.568
values_973; 5472; 73916; 18479.000; 13.508
values_974; 5486; 74407; 18601.750; 13.563
values_975; 5450; 73636; 18409.000; 13.511
values_976; 5474; 74162; 18540.500; 13.548
values_977; 5467; 73926; 18481.500; 13.522
values_978; 5419; 73399; 18349.750; 13.544
values_979; 5484; 74818; 18704.500; 13.642
values_98; 4309; 57250; 14312.500; 13.286
values_980; 4340; 58491; 14622.750; 13.477
values_981; 4366; 59157; 14789.250; 13.549
values_982; 4317; 58172; 14543.000; 13.475
values_983; 4327; 58333; 14583.250; 13.481
values_984; 4342; 58492; 14623.000; 13.471
values_985; 4343; 58190; 14547.500; 13.398
values_986; 4331; 58418; 14604.500; 13.488
values_987; 4341; 58614; 14653.500; 13.502
values_988; 4335; 58404; 14601.000; 13.472
values_989; 4358; 58844; 14711.000; 13.502
values_99; 4337; 58449; 14612.250; 13.476
values_990; 3793; 56713; 14178.250; 14.952
values_991; 3798; 56848; 14212.000; 14.967
values_992; 3803; 57157; 14289.250; 15.029
values_993; 3867; 58720; 14680.000; 15.184
values_994; 3785; 56525; 14131.250; 14.933
values_995; 3794; 56830; 14207.500; 14.978
values_996; 3842; 58022; 14505.500; 15.102
values_997; 3788; 57055; 14263.750; 15.062
values_998; 3799; 57177; 14294.250; 15.050
values_999; 3822; 57709; 14427.250; 15.099
