Incite; Executed C Instr; Clock Cycle Effective; Execution Time; CC4CS;
values_00; 20; 432; 108.000; 21.600
values_01; 20; 432; 108.000; 21.600
values_02; 20; 432; 108.000; 21.600
values_03; 20; 432; 108.000; 21.600
values_04; 20; 432; 108.000; 21.600
values_05; 20; 432; 108.000; 21.600
values_06; 20; 432; 108.000; 21.600
values_07; 20; 432; 108.000; 21.600
values_08; 20; 432; 108.000; 21.600
values_09; 20; 432; 108.000; 21.600
values_10; 29995; 809701; 202425.250; 26.994
values_100; 32485; 876931; 219232.750; 26.994
values_101; 32485; 876931; 219232.750; 26.994
values_102; 32485; 876931; 219232.750; 26.994
values_103; 32485; 876931; 219232.750; 26.994
values_104; 32485; 876931; 219232.750; 26.994
values_105; 32485; 876931; 219232.750; 26.994
values_106; 32485; 876931; 219232.750; 26.994
values_107; 32485; 876931; 219232.750; 26.994
values_108; 32485; 876931; 219232.750; 26.994
values_109; 32485; 876931; 219232.750; 26.994
values_11; 29995; 809701; 202425.250; 26.994
values_110; 182; 4470; 1117.500; 24.560
values_111; 182; 4470; 1117.500; 24.560
values_112; 182; 4470; 1117.500; 24.560
values_113; 182; 4470; 1117.500; 24.560
values_114; 182; 4470; 1117.500; 24.560
values_115; 182; 4470; 1117.500; 24.560
values_116; 182; 4470; 1117.500; 24.560
values_117; 182; 4470; 1117.500; 24.560
values_118; 182; 4470; 1117.500; 24.560
values_119; 182; 4470; 1117.500; 24.560
values_12; 29995; 809701; 202425.250; 26.994
values_120; 274; 6842; 1710.500; 24.970
values_121; 274; 6842; 1710.500; 24.970
values_122; 274; 6842; 1710.500; 24.970
values_123; 274; 6842; 1710.500; 24.970
values_124; 274; 6842; 1710.500; 24.970
values_125; 274; 6842; 1710.500; 24.970
values_126; 274; 6842; 1710.500; 24.970
values_127; 274; 6842; 1710.500; 24.970
values_128; 274; 6842; 1710.500; 24.970
values_129; 274; 6842; 1710.500; 24.970
values_13; 29995; 809701; 202425.250; 26.994
values_130; 169; 3951; 987.750; 23.378
values_131; 169; 3951; 987.750; 23.378
values_132; 169; 3951; 987.750; 23.378
values_133; 169; 3951; 987.750; 23.378
values_134; 169; 3951; 987.750; 23.378
values_135; 169; 3951; 987.750; 23.378
values_136; 169; 3951; 987.750; 23.378
values_137; 169; 3951; 987.750; 23.378
values_138; 169; 3951; 987.750; 23.378
values_139; 169; 3951; 987.750; 23.378
values_14; 29995; 809701; 202425.250; 26.994
values_140; 159; 3681; 920.250; 23.150
values_141; 159; 3681; 920.250; 23.150
values_142; 159; 3681; 920.250; 23.150
values_143; 159; 3681; 920.250; 23.150
values_144; 159; 3681; 920.250; 23.150
values_145; 159; 3681; 920.250; 23.150
values_146; 159; 3681; 920.250; 23.150
values_147; 159; 3681; 920.250; 23.150
values_148; 159; 3681; 920.250; 23.150
values_149; 159; 3681; 920.250; 23.150
values_15; 29995; 809701; 202425.250; 26.994
values_150; 273; 6983; 1745.750; 25.578
values_151; 273; 6983; 1745.750; 25.578
values_152; 273; 6983; 1745.750; 25.578
values_153; 273; 6983; 1745.750; 25.578
values_154; 273; 6983; 1745.750; 25.578
values_155; 273; 6983; 1745.750; 25.578
values_156; 273; 6983; 1745.750; 25.578
values_157; 273; 6983; 1745.750; 25.578
values_158; 273; 6983; 1745.750; 25.578
values_159; 273; 6983; 1745.750; 25.578
values_16; 29995; 809701; 202425.250; 26.994
values_160; 2387; 64173; 16043.250; 26.884
values_161; 2387; 64173; 16043.250; 26.884
values_162; 2387; 64173; 16043.250; 26.884
values_163; 2387; 64173; 16043.250; 26.884
values_164; 2387; 64173; 16043.250; 26.884
values_165; 2387; 64173; 16043.250; 26.884
values_166; 2387; 64173; 16043.250; 26.884
values_167; 2387; 64173; 16043.250; 26.884
values_168; 2387; 64173; 16043.250; 26.884
values_169; 2387; 64173; 16043.250; 26.884
values_17; 29995; 809701; 202425.250; 26.994
values_170; 156; 3880; 970.000; 24.871
values_171; 156; 3880; 970.000; 24.871
values_172; 156; 3880; 970.000; 24.871
values_173; 156; 3880; 970.000; 24.871
values_174; 156; 3880; 970.000; 24.871
values_175; 156; 3880; 970.000; 24.871
values_176; 156; 3880; 970.000; 24.871
values_177; 156; 3880; 970.000; 24.871
values_178; 156; 3880; 970.000; 24.871
values_179; 156; 3880; 970.000; 24.871
values_18; 29995; 809701; 202425.250; 26.994
values_180; 173; 4171; 1042.750; 24.109
values_181; 173; 4171; 1042.750; 24.109
values_182; 173; 4171; 1042.750; 24.109
values_183; 173; 4171; 1042.750; 24.109
values_184; 173; 4171; 1042.750; 24.109
values_185; 173; 4171; 1042.750; 24.109
values_186; 173; 4171; 1042.750; 24.109
values_187; 173; 4171; 1042.750; 24.109
values_188; 173; 4171; 1042.750; 24.109
values_189; 173; 4171; 1042.750; 24.109
values_19; 29995; 809701; 202425.250; 26.994
values_190; 203; 4757; 1189.250; 23.433
values_191; 203; 4757; 1189.250; 23.433
values_192; 203; 4757; 1189.250; 23.433
values_193; 203; 4757; 1189.250; 23.433
values_194; 203; 4757; 1189.250; 23.433
values_195; 203; 4757; 1189.250; 23.433
values_196; 203; 4757; 1189.250; 23.433
values_197; 203; 4757; 1189.250; 23.433
values_198; 203; 4757; 1189.250; 23.433
values_199; 203; 4757; 1189.250; 23.433
values_20; 48602; 1312034; 328008.500; 26.995
values_200; 62253; 1680667; 420166.750; 26.997
values_201; 62253; 1680667; 420166.750; 26.997
values_202; 62253; 1680667; 420166.750; 26.997
values_203; 62253; 1680667; 420166.750; 26.997
values_204; 62253; 1680667; 420166.750; 26.997
values_205; 62253; 1680667; 420166.750; 26.997
values_206; 62253; 1680667; 420166.750; 26.997
values_207; 62253; 1680667; 420166.750; 26.997
values_208; 62253; 1680667; 420166.750; 26.997
values_209; 62253; 1680667; 420166.750; 26.997
values_21; 48602; 1312034; 328008.500; 26.995
values_210; 178; 4250; 1062.500; 23.876
values_211; 178; 4250; 1062.500; 23.876
values_212; 178; 4250; 1062.500; 23.876
values_213; 178; 4250; 1062.500; 23.876
values_214; 178; 4250; 1062.500; 23.876
values_215; 178; 4250; 1062.500; 23.876
values_216; 178; 4250; 1062.500; 23.876
values_217; 178; 4250; 1062.500; 23.876
values_218; 178; 4250; 1062.500; 23.876
values_219; 178; 4250; 1062.500; 23.876
values_22; 48602; 1312034; 328008.500; 26.995
values_220; 195; 4653; 1163.250; 23.861
values_221; 195; 4653; 1163.250; 23.861
values_222; 195; 4653; 1163.250; 23.861
values_223; 195; 4653; 1163.250; 23.861
values_224; 195; 4653; 1163.250; 23.861
values_225; 195; 4653; 1163.250; 23.861
values_226; 195; 4653; 1163.250; 23.861
values_227; 195; 4653; 1163.250; 23.861
values_228; 195; 4653; 1163.250; 23.861
values_229; 195; 4653; 1163.250; 23.861
values_23; 48602; 1312034; 328008.500; 26.995
values_230; 183; 4217; 1054.250; 23.043
values_231; 183; 4217; 1054.250; 23.043
values_232; 183; 4217; 1054.250; 23.043
values_233; 183; 4217; 1054.250; 23.043
values_234; 183; 4217; 1054.250; 23.043
values_235; 183; 4217; 1054.250; 23.043
values_236; 183; 4217; 1054.250; 23.043
values_237; 183; 4217; 1054.250; 23.043
values_238; 183; 4217; 1054.250; 23.043
values_239; 183; 4217; 1054.250; 23.043
values_24; 48602; 1312034; 328008.500; 26.995
values_240; 136; 3116; 779.000; 22.911
values_241; 136; 3116; 779.000; 22.911
values_242; 136; 3116; 779.000; 22.911
values_243; 136; 3116; 779.000; 22.911
values_244; 136; 3116; 779.000; 22.911
values_245; 136; 3116; 779.000; 22.911
values_246; 136; 3116; 779.000; 22.911
values_247; 136; 3116; 779.000; 22.911
values_248; 136; 3116; 779.000; 22.911
values_249; 136; 3116; 779.000; 22.911
values_25; 48602; 1312034; 328008.500; 26.995
values_250; 522; 13874; 3468.500; 26.578
values_251; 522; 13874; 3468.500; 26.578
values_252; 522; 13874; 3468.500; 26.578
values_253; 522; 13874; 3468.500; 26.578
values_254; 522; 13874; 3468.500; 26.578
values_255; 522; 13874; 3468.500; 26.578
values_256; 522; 13874; 3468.500; 26.578
values_257; 522; 13874; 3468.500; 26.578
values_258; 522; 13874; 3468.500; 26.578
values_259; 522; 13874; 3468.500; 26.578
values_26; 48602; 1312034; 328008.500; 26.995
values_260; 172; 4200; 1050.000; 24.418
values_261; 172; 4200; 1050.000; 24.418
values_262; 172; 4200; 1050.000; 24.418
values_263; 172; 4200; 1050.000; 24.418
values_264; 172; 4200; 1050.000; 24.418
values_265; 172; 4200; 1050.000; 24.418
values_266; 172; 4200; 1050.000; 24.418
values_267; 172; 4200; 1050.000; 24.418
values_268; 172; 4200; 1050.000; 24.418
values_269; 172; 4200; 1050.000; 24.418
values_27; 48602; 1312034; 328008.500; 26.995
values_270; 205; 5147; 1286.750; 25.107
values_271; 205; 5147; 1286.750; 25.107
values_272; 205; 5147; 1286.750; 25.107
values_273; 205; 5147; 1286.750; 25.107
values_274; 205; 5147; 1286.750; 25.107
values_275; 205; 5147; 1286.750; 25.107
values_276; 205; 5147; 1286.750; 25.107
values_277; 205; 5147; 1286.750; 25.107
values_278; 205; 5147; 1286.750; 25.107
values_279; 205; 5147; 1286.750; 25.107
values_28; 48602; 1312034; 328008.500; 26.995
values_280; 138; 3170; 792.500; 22.971
values_281; 138; 3170; 792.500; 22.971
values_282; 138; 3170; 792.500; 22.971
values_283; 138; 3170; 792.500; 22.971
values_284; 138; 3170; 792.500; 22.971
values_285; 138; 3170; 792.500; 22.971
values_286; 138; 3170; 792.500; 22.971
values_287; 138; 3170; 792.500; 22.971
values_288; 138; 3170; 792.500; 22.971
values_289; 138; 3170; 792.500; 22.971
values_29; 48602; 1312034; 328008.500; 26.995
values_290; 297; 7295; 1823.750; 24.562
values_291; 297; 7295; 1823.750; 24.562
values_292; 297; 7295; 1823.750; 24.562
values_293; 297; 7295; 1823.750; 24.562
values_294; 297; 7295; 1823.750; 24.562
values_295; 297; 7295; 1823.750; 24.562
values_296; 297; 7295; 1823.750; 24.562
values_297; 297; 7295; 1823.750; 24.562
values_298; 297; 7295; 1823.750; 24.562
values_299; 297; 7295; 1823.750; 24.562
values_30; 16820; 453920; 113480.000; 26.986
values_300; 56415; 1523041; 380760.250; 26.997
values_301; 56415; 1523041; 380760.250; 26.997
values_302; 56415; 1523041; 380760.250; 26.997
values_303; 56415; 1523041; 380760.250; 26.997
values_304; 56415; 1523041; 380760.250; 26.997
values_305; 56415; 1523041; 380760.250; 26.997
values_306; 56415; 1523041; 380760.250; 26.997
values_307; 56415; 1523041; 380760.250; 26.997
values_308; 56415; 1523041; 380760.250; 26.997
values_309; 56415; 1523041; 380760.250; 26.997
values_31; 16820; 453920; 113480.000; 26.986
values_310; 193; 4375; 1093.750; 22.668
values_311; 193; 4375; 1093.750; 22.668
values_312; 193; 4375; 1093.750; 22.668
values_313; 193; 4375; 1093.750; 22.668
values_314; 193; 4375; 1093.750; 22.668
values_315; 193; 4375; 1093.750; 22.668
values_316; 193; 4375; 1093.750; 22.668
values_317; 193; 4375; 1093.750; 22.668
values_318; 193; 4375; 1093.750; 22.668
values_319; 193; 4375; 1093.750; 22.668
values_32; 16820; 453920; 113480.000; 26.986
values_320; 178; 4138; 1034.500; 23.247
values_321; 178; 4138; 1034.500; 23.247
values_322; 178; 4138; 1034.500; 23.247
values_323; 178; 4138; 1034.500; 23.247
values_324; 178; 4138; 1034.500; 23.247
values_325; 178; 4138; 1034.500; 23.247
values_326; 178; 4138; 1034.500; 23.247
values_327; 178; 4138; 1034.500; 23.247
values_328; 178; 4138; 1034.500; 23.247
values_329; 178; 4138; 1034.500; 23.247
values_33; 16820; 453920; 113480.000; 26.986
values_330; 198; 4790; 1197.500; 24.191
values_331; 198; 4790; 1197.500; 24.191
values_332; 198; 4790; 1197.500; 24.191
values_333; 198; 4790; 1197.500; 24.191
values_334; 198; 4790; 1197.500; 24.191
values_335; 198; 4790; 1197.500; 24.191
values_336; 198; 4790; 1197.500; 24.191
values_337; 198; 4790; 1197.500; 24.191
values_338; 198; 4790; 1197.500; 24.191
values_339; 198; 4790; 1197.500; 24.191
values_34; 16820; 453920; 113480.000; 26.986
values_340; 158; 3822; 955.500; 24.189
values_341; 158; 3822; 955.500; 24.189
values_342; 158; 3822; 955.500; 24.189
values_343; 158; 3822; 955.500; 24.189
values_344; 158; 3822; 955.500; 24.189
values_345; 158; 3822; 955.500; 24.189
values_346; 158; 3822; 955.500; 24.189
values_347; 158; 3822; 955.500; 24.189
values_348; 158; 3822; 955.500; 24.189
values_349; 158; 3822; 955.500; 24.189
values_35; 16820; 453920; 113480.000; 26.986
values_350; 390; 10198; 2549.500; 26.148
values_351; 390; 10198; 2549.500; 26.148
values_352; 390; 10198; 2549.500; 26.148
values_353; 390; 10198; 2549.500; 26.148
values_354; 390; 10198; 2549.500; 26.148
values_355; 390; 10198; 2549.500; 26.148
values_356; 390; 10198; 2549.500; 26.148
values_357; 390; 10198; 2549.500; 26.148
values_358; 390; 10198; 2549.500; 26.148
values_359; 390; 10198; 2549.500; 26.148
values_36; 16820; 453920; 113480.000; 26.986
values_360; 154; 3490; 872.500; 22.662
values_361; 154; 3490; 872.500; 22.662
values_362; 154; 3490; 872.500; 22.662
values_363; 154; 3490; 872.500; 22.662
values_364; 154; 3490; 872.500; 22.662
values_365; 154; 3490; 872.500; 22.662
values_366; 154; 3490; 872.500; 22.662
values_367; 154; 3490; 872.500; 22.662
values_368; 154; 3490; 872.500; 22.662
values_369; 154; 3490; 872.500; 22.662
values_37; 16820; 453920; 113480.000; 26.986
values_370; 120; 2796; 699.000; 23.300
values_371; 120; 2796; 699.000; 23.300
values_372; 120; 2796; 699.000; 23.300
values_373; 120; 2796; 699.000; 23.300
values_374; 120; 2796; 699.000; 23.300
values_375; 120; 2796; 699.000; 23.300
values_376; 120; 2796; 699.000; 23.300
values_377; 120; 2796; 699.000; 23.300
values_378; 120; 2796; 699.000; 23.300
values_379; 120; 2796; 699.000; 23.300
values_38; 16820; 453920; 113480.000; 26.986
values_380; 169; 3951; 987.750; 23.378
values_381; 169; 3951; 987.750; 23.378
values_382; 169; 3951; 987.750; 23.378
values_383; 169; 3951; 987.750; 23.378
values_384; 169; 3951; 987.750; 23.378
values_385; 169; 3951; 987.750; 23.378
values_386; 169; 3951; 987.750; 23.378
values_387; 169; 3951; 987.750; 23.378
values_388; 169; 3951; 987.750; 23.378
values_389; 169; 3951; 987.750; 23.378
values_39; 16820; 453920; 113480.000; 26.986
values_390; 213; 5139; 1284.750; 24.126
values_391; 213; 5139; 1284.750; 24.126
values_392; 213; 5139; 1284.750; 24.126
values_393; 213; 5139; 1284.750; 24.126
values_394; 213; 5139; 1284.750; 24.126
values_395; 213; 5139; 1284.750; 24.126
values_396; 213; 5139; 1284.750; 24.126
values_397; 213; 5139; 1284.750; 24.126
values_398; 213; 5139; 1284.750; 24.126
values_399; 213; 5139; 1284.750; 24.126
values_40; 7116; 191912; 47978.000; 26.969
values_400; 37635; 1015981; 253995.250; 26.995
values_401; 37635; 1015981; 253995.250; 26.995
values_402; 37635; 1015981; 253995.250; 26.995
values_403; 37635; 1015981; 253995.250; 26.995
values_404; 37635; 1015981; 253995.250; 26.995
values_405; 37635; 1015981; 253995.250; 26.995
values_406; 37635; 1015981; 253995.250; 26.995
values_407; 37635; 1015981; 253995.250; 26.995
values_408; 37635; 1015981; 253995.250; 26.995
values_409; 37635; 1015981; 253995.250; 26.995
values_41; 7116; 191912; 47978.000; 26.969
values_410; 225; 5575; 1393.750; 24.777
values_411; 225; 5575; 1393.750; 24.777
values_412; 225; 5575; 1393.750; 24.777
values_413; 225; 5575; 1393.750; 24.777
values_414; 225; 5575; 1393.750; 24.777
values_415; 225; 5575; 1393.750; 24.777
values_416; 225; 5575; 1393.750; 24.777
values_417; 225; 5575; 1393.750; 24.777
values_418; 225; 5575; 1393.750; 24.777
values_419; 225; 5575; 1393.750; 24.777
values_42; 7116; 191912; 47978.000; 26.969
values_420; 172; 3976; 994.000; 23.116
values_421; 172; 3976; 994.000; 23.116
values_422; 172; 3976; 994.000; 23.116
values_423; 172; 3976; 994.000; 23.116
values_424; 172; 3976; 994.000; 23.116
values_425; 172; 3976; 994.000; 23.116
values_426; 172; 3976; 994.000; 23.116
values_427; 172; 3976; 994.000; 23.116
values_428; 172; 3976; 994.000; 23.116
values_429; 172; 3976; 994.000; 23.116
values_43; 7116; 191912; 47978.000; 26.969
values_430; 157; 3627; 906.750; 23.101
values_431; 157; 3627; 906.750; 23.101
values_432; 157; 3627; 906.750; 23.101
values_433; 157; 3627; 906.750; 23.101
values_434; 157; 3627; 906.750; 23.101
values_435; 157; 3627; 906.750; 23.101
values_436; 157; 3627; 906.750; 23.101
values_437; 157; 3627; 906.750; 23.101
values_438; 157; 3627; 906.750; 23.101
values_439; 157; 3627; 906.750; 23.101
values_44; 7116; 191912; 47978.000; 26.969
values_440; 125; 2987; 746.750; 23.896
values_441; 125; 2987; 746.750; 23.896
values_442; 125; 2987; 746.750; 23.896
values_443; 125; 2987; 746.750; 23.896
values_444; 125; 2987; 746.750; 23.896
values_445; 125; 2987; 746.750; 23.896
values_446; 125; 2987; 746.750; 23.896
values_447; 125; 2987; 746.750; 23.896
values_448; 125; 2987; 746.750; 23.896
values_449; 125; 2987; 746.750; 23.896
values_45; 7116; 191912; 47978.000; 26.969
values_450; 309; 7843; 1960.750; 25.381
values_451; 309; 7843; 1960.750; 25.381
values_452; 309; 7843; 1960.750; 25.381
values_453; 309; 7843; 1960.750; 25.381
values_454; 309; 7843; 1960.750; 25.381
values_455; 309; 7843; 1960.750; 25.381
values_456; 309; 7843; 1960.750; 25.381
values_457; 309; 7843; 1960.750; 25.381
values_458; 309; 7843; 1960.750; 25.381
values_459; 309; 7843; 1960.750; 25.381
values_46; 7116; 191912; 47978.000; 26.969
values_460; 153; 3519; 879.750; 23.000
values_461; 153; 3519; 879.750; 23.000
values_462; 153; 3519; 879.750; 23.000
values_463; 153; 3519; 879.750; 23.000
values_464; 153; 3519; 879.750; 23.000
values_465; 153; 3519; 879.750; 23.000
values_466; 153; 3519; 879.750; 23.000
values_467; 153; 3519; 879.750; 23.000
values_468; 153; 3519; 879.750; 23.000
values_469; 153; 3519; 879.750; 23.000
values_47; 7116; 191912; 47978.000; 26.969
values_470; 169; 3951; 987.750; 23.378
values_471; 169; 3951; 987.750; 23.378
values_472; 169; 3951; 987.750; 23.378
values_473; 169; 3951; 987.750; 23.378
values_474; 169; 3951; 987.750; 23.378
values_475; 169; 3951; 987.750; 23.378
values_476; 169; 3951; 987.750; 23.378
values_477; 169; 3951; 987.750; 23.378
values_478; 169; 3951; 987.750; 23.378
values_479; 169; 3951; 987.750; 23.378
values_48; 7116; 191912; 47978.000; 26.969
values_480; 158; 3710; 927.500; 23.481
values_481; 158; 3710; 927.500; 23.481
values_482; 158; 3710; 927.500; 23.481
values_483; 158; 3710; 927.500; 23.481
values_484; 158; 3710; 927.500; 23.481
values_485; 158; 3710; 927.500; 23.481
values_486; 158; 3710; 927.500; 23.481
values_487; 158; 3710; 927.500; 23.481
values_488; 158; 3710; 927.500; 23.481
values_489; 158; 3710; 927.500; 23.481
values_49; 7116; 191912; 47978.000; 26.969
values_490; 828; 22136; 5534.000; 26.734
values_491; 828; 22136; 5534.000; 26.734
values_492; 828; 22136; 5534.000; 26.734
values_493; 828; 22136; 5534.000; 26.734
values_494; 828; 22136; 5534.000; 26.734
values_495; 828; 22136; 5534.000; 26.734
values_496; 828; 22136; 5534.000; 26.734
values_497; 828; 22136; 5534.000; 26.734
values_498; 828; 22136; 5534.000; 26.734
values_499; 828; 22136; 5534.000; 26.734
values_50; 413; 10987; 2746.750; 26.602
values_500; 17503; 472417; 118104.250; 26.990
values_501; 17503; 472417; 118104.250; 26.990
values_502; 17503; 472417; 118104.250; 26.990
values_503; 17503; 472417; 118104.250; 26.990
values_504; 17503; 472417; 118104.250; 26.990
values_505; 17503; 472417; 118104.250; 26.990
values_506; 17503; 472417; 118104.250; 26.990
values_507; 17503; 472417; 118104.250; 26.990
values_508; 17503; 472417; 118104.250; 26.990
values_509; 17503; 472417; 118104.250; 26.990
values_51; 413; 10987; 2746.750; 26.602
values_510; 208; 4836; 1209.000; 23.250
values_511; 208; 4836; 1209.000; 23.250
values_512; 208; 4836; 1209.000; 23.250
values_513; 208; 4836; 1209.000; 23.250
values_514; 208; 4836; 1209.000; 23.250
values_515; 208; 4836; 1209.000; 23.250
values_516; 208; 4836; 1209.000; 23.250
values_517; 208; 4836; 1209.000; 23.250
values_518; 208; 4836; 1209.000; 23.250
values_519; 208; 4836; 1209.000; 23.250
values_52; 413; 10987; 2746.750; 26.602
values_520; 179; 4221; 1055.250; 23.581
values_521; 179; 4221; 1055.250; 23.581
values_522; 179; 4221; 1055.250; 23.581
values_523; 179; 4221; 1055.250; 23.581
values_524; 179; 4221; 1055.250; 23.581
values_525; 179; 4221; 1055.250; 23.581
values_526; 179; 4221; 1055.250; 23.581
values_527; 179; 4221; 1055.250; 23.581
values_528; 179; 4221; 1055.250; 23.581
values_529; 179; 4221; 1055.250; 23.581
values_53; 413; 10987; 2746.750; 26.602
values_530; 94; 2318; 579.500; 24.659
values_531; 94; 2318; 579.500; 24.659
values_532; 94; 2318; 579.500; 24.659
values_533; 94; 2318; 579.500; 24.659
values_534; 94; 2318; 579.500; 24.659
values_535; 94; 2318; 579.500; 24.659
values_536; 94; 2318; 579.500; 24.659
values_537; 94; 2318; 579.500; 24.659
values_538; 94; 2318; 579.500; 24.659
values_539; 94; 2318; 579.500; 24.659
values_54; 413; 10987; 2746.750; 26.602
values_540; 169; 3839; 959.750; 22.715
values_541; 169; 3839; 959.750; 22.715
values_542; 169; 3839; 959.750; 22.715
values_543; 169; 3839; 959.750; 22.715
values_544; 169; 3839; 959.750; 22.715
values_545; 169; 3839; 959.750; 22.715
values_546; 169; 3839; 959.750; 22.715
values_547; 169; 3839; 959.750; 22.715
values_548; 169; 3839; 959.750; 22.715
values_549; 169; 3839; 959.750; 22.715
values_55; 413; 10987; 2746.750; 26.602
values_550; 217; 5471; 1367.750; 25.211
values_551; 217; 5471; 1367.750; 25.211
values_552; 217; 5471; 1367.750; 25.211
values_553; 217; 5471; 1367.750; 25.211
values_554; 217; 5471; 1367.750; 25.211
values_555; 217; 5471; 1367.750; 25.211
values_556; 217; 5471; 1367.750; 25.211
values_557; 217; 5471; 1367.750; 25.211
values_558; 217; 5471; 1367.750; 25.211
values_559; 217; 5471; 1367.750; 25.211
values_56; 413; 10987; 2746.750; 26.602
values_560; 186; 4354; 1088.500; 23.408
values_561; 186; 4354; 1088.500; 23.408
values_562; 186; 4354; 1088.500; 23.408
values_563; 186; 4354; 1088.500; 23.408
values_564; 186; 4354; 1088.500; 23.408
values_565; 186; 4354; 1088.500; 23.408
values_566; 186; 4354; 1088.500; 23.408
values_567; 186; 4354; 1088.500; 23.408
values_568; 186; 4354; 1088.500; 23.408
values_569; 186; 4354; 1088.500; 23.408
values_57; 413; 10987; 2746.750; 26.602
values_570; 161; 3735; 933.750; 23.198
values_571; 161; 3735; 933.750; 23.198
values_572; 161; 3735; 933.750; 23.198
values_573; 161; 3735; 933.750; 23.198
values_574; 161; 3735; 933.750; 23.198
values_575; 161; 3735; 933.750; 23.198
values_576; 161; 3735; 933.750; 23.198
values_577; 161; 3735; 933.750; 23.198
values_578; 161; 3735; 933.750; 23.198
values_579; 161; 3735; 933.750; 23.198
values_58; 413; 10987; 2746.750; 26.602
values_580; 282; 7058; 1764.500; 25.028
values_581; 282; 7058; 1764.500; 25.028
values_582; 282; 7058; 1764.500; 25.028
values_583; 282; 7058; 1764.500; 25.028
values_584; 282; 7058; 1764.500; 25.028
values_585; 282; 7058; 1764.500; 25.028
values_586; 282; 7058; 1764.500; 25.028
values_587; 282; 7058; 1764.500; 25.028
values_588; 282; 7058; 1764.500; 25.028
values_589; 282; 7058; 1764.500; 25.028
values_59; 413; 10987; 2746.750; 26.602
values_590; 180; 4192; 1048.000; 23.288
values_591; 180; 4192; 1048.000; 23.288
values_592; 180; 4192; 1048.000; 23.288
values_593; 180; 4192; 1048.000; 23.288
values_594; 180; 4192; 1048.000; 23.288
values_595; 180; 4192; 1048.000; 23.288
values_596; 180; 4192; 1048.000; 23.288
values_597; 180; 4192; 1048.000; 23.288
values_598; 180; 4192; 1048.000; 23.288
values_599; 180; 4192; 1048.000; 23.288
values_60; 32466; 876362; 219090.500; 26.993
values_600; 53114; 1433970; 358492.500; 26.997
values_601; 53114; 1433970; 358492.500; 26.997
values_602; 53114; 1433970; 358492.500; 26.997
values_603; 53114; 1433970; 358492.500; 26.997
values_604; 53114; 1433970; 358492.500; 26.997
values_605; 53114; 1433970; 358492.500; 26.997
values_606; 53114; 1433970; 358492.500; 26.997
values_607; 53114; 1433970; 358492.500; 26.997
values_608; 53114; 1433970; 358492.500; 26.997
values_609; 53114; 1433970; 358492.500; 26.997
values_61; 32466; 876362; 219090.500; 26.993
values_610; 156; 3544; 886.000; 22.717
values_611; 156; 3544; 886.000; 22.717
values_612; 156; 3544; 886.000; 22.717
values_613; 156; 3544; 886.000; 22.717
values_614; 156; 3544; 886.000; 22.717
values_615; 156; 3544; 886.000; 22.717
values_616; 156; 3544; 886.000; 22.717
values_617; 156; 3544; 886.000; 22.717
values_618; 156; 3544; 886.000; 22.717
values_619; 156; 3544; 886.000; 22.717
values_62; 32466; 876362; 219090.500; 26.993
values_620; 210; 4890; 1222.500; 23.285
values_621; 210; 4890; 1222.500; 23.285
values_622; 210; 4890; 1222.500; 23.285
values_623; 210; 4890; 1222.500; 23.285
values_624; 210; 4890; 1222.500; 23.285
values_625; 210; 4890; 1222.500; 23.285
values_626; 210; 4890; 1222.500; 23.285
values_627; 210; 4890; 1222.500; 23.285
values_628; 210; 4890; 1222.500; 23.285
values_629; 210; 4890; 1222.500; 23.285
values_63; 32466; 876362; 219090.500; 26.993
values_630; 144; 3444; 861.000; 23.916
values_631; 144; 3444; 861.000; 23.916
values_632; 144; 3444; 861.000; 23.916
values_633; 144; 3444; 861.000; 23.916
values_634; 144; 3444; 861.000; 23.916
values_635; 144; 3444; 861.000; 23.916
values_636; 144; 3444; 861.000; 23.916
values_637; 144; 3444; 861.000; 23.916
values_638; 144; 3444; 861.000; 23.916
values_639; 144; 3444; 861.000; 23.916
values_64; 32466; 876362; 219090.500; 26.993
values_640; 302; 7710; 1927.500; 25.529
values_641; 302; 7710; 1927.500; 25.529
values_642; 302; 7710; 1927.500; 25.529
values_643; 302; 7710; 1927.500; 25.529
values_644; 302; 7710; 1927.500; 25.529
values_645; 302; 7710; 1927.500; 25.529
values_646; 302; 7710; 1927.500; 25.529
values_647; 302; 7710; 1927.500; 25.529
values_648; 302; 7710; 1927.500; 25.529
values_649; 302; 7710; 1927.500; 25.529
values_65; 32466; 876362; 219090.500; 26.993
values_650; 373; 9683; 2420.750; 25.959
values_651; 373; 9683; 2420.750; 25.959
values_652; 373; 9683; 2420.750; 25.959
values_653; 373; 9683; 2420.750; 25.959
values_654; 373; 9683; 2420.750; 25.959
values_655; 373; 9683; 2420.750; 25.959
values_656; 373; 9683; 2420.750; 25.959
values_657; 373; 9683; 2420.750; 25.959
values_658; 373; 9683; 2420.750; 25.959
values_659; 373; 9683; 2420.750; 25.959
values_66; 32466; 876362; 219090.500; 26.993
values_660; 193; 4375; 1093.750; 22.668
values_661; 193; 4375; 1093.750; 22.668
values_662; 193; 4375; 1093.750; 22.668
values_663; 193; 4375; 1093.750; 22.668
values_664; 193; 4375; 1093.750; 22.668
values_665; 193; 4375; 1093.750; 22.668
values_666; 193; 4375; 1093.750; 22.668
values_667; 193; 4375; 1093.750; 22.668
values_668; 193; 4375; 1093.750; 22.668
values_669; 193; 4375; 1093.750; 22.668
values_67; 32466; 876362; 219090.500; 26.993
values_670; 411; 10709; 2677.250; 26.055
values_671; 411; 10709; 2677.250; 26.055
values_672; 411; 10709; 2677.250; 26.055
values_673; 411; 10709; 2677.250; 26.055
values_674; 411; 10709; 2677.250; 26.055
values_675; 411; 10709; 2677.250; 26.055
values_676; 411; 10709; 2677.250; 26.055
values_677; 411; 10709; 2677.250; 26.055
values_678; 411; 10709; 2677.250; 26.055
values_679; 411; 10709; 2677.250; 26.055
values_68; 32466; 876362; 219090.500; 26.993
values_680; 164; 3872; 968.000; 23.609
values_681; 164; 3872; 968.000; 23.609
values_682; 164; 3872; 968.000; 23.609
values_683; 164; 3872; 968.000; 23.609
values_684; 164; 3872; 968.000; 23.609
values_685; 164; 3872; 968.000; 23.609
values_686; 164; 3872; 968.000; 23.609
values_687; 164; 3872; 968.000; 23.609
values_688; 164; 3872; 968.000; 23.609
values_689; 164; 3872; 968.000; 23.609
values_69; 32466; 876362; 219090.500; 26.993
values_690; 247; 6057; 1514.250; 24.522
values_691; 247; 6057; 1514.250; 24.522
values_692; 247; 6057; 1514.250; 24.522
values_693; 247; 6057; 1514.250; 24.522
values_694; 247; 6057; 1514.250; 24.522
values_695; 247; 6057; 1514.250; 24.522
values_696; 247; 6057; 1514.250; 24.522
values_697; 247; 6057; 1514.250; 24.522
values_698; 247; 6057; 1514.250; 24.522
values_699; 247; 6057; 1514.250; 24.522
values_70; 10672; 287924; 71981.000; 26.979
values_700; 8914; 240570; 60142.500; 26.987
values_701; 8914; 240570; 60142.500; 26.987
values_702; 8914; 240570; 60142.500; 26.987
values_703; 8914; 240570; 60142.500; 26.987
values_704; 8914; 240570; 60142.500; 26.987
values_705; 8914; 240570; 60142.500; 26.987
values_706; 8914; 240570; 60142.500; 26.987
values_707; 8914; 240570; 60142.500; 26.987
values_708; 8914; 240570; 60142.500; 26.987
values_709; 8914; 240570; 60142.500; 26.987
values_71; 10672; 287924; 71981.000; 26.979
values_710; 125; 2875; 718.750; 23.000
values_711; 125; 2875; 718.750; 23.000
values_712; 125; 2875; 718.750; 23.000
values_713; 125; 2875; 718.750; 23.000
values_714; 125; 2875; 718.750; 23.000
values_715; 125; 2875; 718.750; 23.000
values_716; 125; 2875; 718.750; 23.000
values_717; 125; 2875; 718.750; 23.000
values_718; 125; 2875; 718.750; 23.000
values_719; 125; 2875; 718.750; 23.000
values_72; 10672; 287924; 71981.000; 26.979
values_720; 175; 4001; 1000.250; 22.862
values_721; 175; 4001; 1000.250; 22.862
values_722; 175; 4001; 1000.250; 22.862
values_723; 175; 4001; 1000.250; 22.862
values_724; 175; 4001; 1000.250; 22.862
values_725; 175; 4001; 1000.250; 22.862
values_726; 175; 4001; 1000.250; 22.862
values_727; 175; 4001; 1000.250; 22.862
values_728; 175; 4001; 1000.250; 22.862
values_729; 175; 4001; 1000.250; 22.862
values_73; 10672; 287924; 71981.000; 26.979
values_730; 233; 5679; 1419.750; 24.373
values_731; 233; 5679; 1419.750; 24.373
values_732; 233; 5679; 1419.750; 24.373
values_733; 233; 5679; 1419.750; 24.373
values_734; 233; 5679; 1419.750; 24.373
values_735; 233; 5679; 1419.750; 24.373
values_736; 233; 5679; 1419.750; 24.373
values_737; 233; 5679; 1419.750; 24.373
values_738; 233; 5679; 1419.750; 24.373
values_739; 233; 5679; 1419.750; 24.373
values_74; 10672; 287924; 71981.000; 26.979
values_740; 136; 3228; 807.000; 23.735
values_741; 136; 3228; 807.000; 23.735
values_742; 136; 3228; 807.000; 23.735
values_743; 136; 3228; 807.000; 23.735
values_744; 136; 3228; 807.000; 23.735
values_745; 136; 3228; 807.000; 23.735
values_746; 136; 3228; 807.000; 23.735
values_747; 136; 3228; 807.000; 23.735
values_748; 136; 3228; 807.000; 23.735
values_749; 136; 3228; 807.000; 23.735
values_75; 10672; 287924; 71981.000; 26.979
values_750; 145; 3639; 909.750; 25.096
values_751; 145; 3639; 909.750; 25.096
values_752; 145; 3639; 909.750; 25.096
values_753; 145; 3639; 909.750; 25.096
values_754; 145; 3639; 909.750; 25.096
values_755; 145; 3639; 909.750; 25.096
values_756; 145; 3639; 909.750; 25.096
values_757; 145; 3639; 909.750; 25.096
values_758; 145; 3639; 909.750; 25.096
values_759; 145; 3639; 909.750; 25.096
values_76; 10672; 287924; 71981.000; 26.979
values_760; 203; 4757; 1189.250; 23.433
values_761; 203; 4757; 1189.250; 23.433
values_762; 203; 4757; 1189.250; 23.433
values_763; 203; 4757; 1189.250; 23.433
values_764; 203; 4757; 1189.250; 23.433
values_765; 203; 4757; 1189.250; 23.433
values_766; 203; 4757; 1189.250; 23.433
values_767; 203; 4757; 1189.250; 23.433
values_768; 203; 4757; 1189.250; 23.433
values_769; 203; 4757; 1189.250; 23.433
values_77; 10672; 287924; 71981.000; 26.979
values_770; 146; 3386; 846.500; 23.191
values_771; 146; 3386; 846.500; 23.191
values_772; 146; 3386; 846.500; 23.191
values_773; 146; 3386; 846.500; 23.191
values_774; 146; 3386; 846.500; 23.191
values_775; 146; 3386; 846.500; 23.191
values_776; 146; 3386; 846.500; 23.191
values_777; 146; 3386; 846.500; 23.191
values_778; 146; 3386; 846.500; 23.191
values_779; 146; 3386; 846.500; 23.191
values_78; 10672; 287924; 71981.000; 26.979
values_780; 146; 3386; 846.500; 23.191
values_781; 146; 3386; 846.500; 23.191
values_782; 146; 3386; 846.500; 23.191
values_783; 146; 3386; 846.500; 23.191
values_784; 146; 3386; 846.500; 23.191
values_785; 146; 3386; 846.500; 23.191
values_786; 146; 3386; 846.500; 23.191
values_787; 146; 3386; 846.500; 23.191
values_788; 146; 3386; 846.500; 23.191
values_789; 146; 3386; 846.500; 23.191
values_79; 10672; 287924; 71981.000; 26.979
values_790; 301; 7627; 1906.750; 25.338
values_791; 301; 7627; 1906.750; 25.338
values_792; 301; 7627; 1906.750; 25.338
values_793; 301; 7627; 1906.750; 25.338
values_794; 301; 7627; 1906.750; 25.338
values_795; 301; 7627; 1906.750; 25.338
values_796; 301; 7627; 1906.750; 25.338
values_797; 301; 7627; 1906.750; 25.338
values_798; 301; 7627; 1906.750; 25.338
values_799; 301; 7627; 1906.750; 25.338
values_80; 28895; 780001; 195000.250; 26.994
values_800; 52525; 1418011; 354502.750; 26.996
values_801; 52525; 1418011; 354502.750; 26.996
values_802; 52525; 1418011; 354502.750; 26.996
values_803; 52525; 1418011; 354502.750; 26.996
values_804; 52525; 1418011; 354502.750; 26.996
values_805; 52525; 1418011; 354502.750; 26.996
values_806; 52525; 1418011; 354502.750; 26.996
values_807; 52525; 1418011; 354502.750; 26.996
values_808; 52525; 1418011; 354502.750; 26.996
values_809; 52525; 1418011; 354502.750; 26.996
values_81; 28895; 780001; 195000.250; 26.994
values_810; 206; 5006; 1251.500; 24.300
values_811; 206; 5006; 1251.500; 24.300
values_812; 206; 5006; 1251.500; 24.300
values_813; 206; 5006; 1251.500; 24.300
values_814; 206; 5006; 1251.500; 24.300
values_815; 206; 5006; 1251.500; 24.300
values_816; 206; 5006; 1251.500; 24.300
values_817; 206; 5006; 1251.500; 24.300
values_818; 206; 5006; 1251.500; 24.300
values_819; 206; 5006; 1251.500; 24.300
values_82; 28895; 780001; 195000.250; 26.994
values_820; 198; 4678; 1169.500; 23.626
values_821; 198; 4678; 1169.500; 23.626
values_822; 198; 4678; 1169.500; 23.626
values_823; 198; 4678; 1169.500; 23.626
values_824; 198; 4678; 1169.500; 23.626
values_825; 198; 4678; 1169.500; 23.626
values_826; 198; 4678; 1169.500; 23.626
values_827; 198; 4678; 1169.500; 23.626
values_828; 198; 4678; 1169.500; 23.626
values_829; 198; 4678; 1169.500; 23.626
values_83; 28895; 780001; 195000.250; 26.994
values_830; 180; 4304; 1076.000; 23.911
values_831; 180; 4304; 1076.000; 23.911
values_832; 180; 4304; 1076.000; 23.911
values_833; 180; 4304; 1076.000; 23.911
values_834; 180; 4304; 1076.000; 23.911
values_835; 180; 4304; 1076.000; 23.911
values_836; 180; 4304; 1076.000; 23.911
values_837; 180; 4304; 1076.000; 23.911
values_838; 180; 4304; 1076.000; 23.911
values_839; 180; 4304; 1076.000; 23.911
values_84; 28895; 780001; 195000.250; 26.994
values_840; 158; 3710; 927.500; 23.481
values_841; 158; 3710; 927.500; 23.481
values_842; 158; 3710; 927.500; 23.481
values_843; 158; 3710; 927.500; 23.481
values_844; 158; 3710; 927.500; 23.481
values_845; 158; 3710; 927.500; 23.481
values_846; 158; 3710; 927.500; 23.481
values_847; 158; 3710; 927.500; 23.481
values_848; 158; 3710; 927.500; 23.481
values_849; 158; 3710; 927.500; 23.481
values_85; 28895; 780001; 195000.250; 26.994
values_850; 1078; 28886; 7221.500; 26.795
values_851; 1078; 28886; 7221.500; 26.795
values_852; 1078; 28886; 7221.500; 26.795
values_853; 1078; 28886; 7221.500; 26.795
values_854; 1078; 28886; 7221.500; 26.795
values_855; 1078; 28886; 7221.500; 26.795
values_856; 1078; 28886; 7221.500; 26.795
values_857; 1078; 28886; 7221.500; 26.795
values_858; 1078; 28886; 7221.500; 26.795
values_859; 1078; 28886; 7221.500; 26.795
values_86; 28895; 780001; 195000.250; 26.994
values_860; 213; 4915; 1228.750; 23.075
values_861; 213; 4915; 1228.750; 23.075
values_862; 213; 4915; 1228.750; 23.075
values_863; 213; 4915; 1228.750; 23.075
values_864; 213; 4915; 1228.750; 23.075
values_865; 213; 4915; 1228.750; 23.075
values_866; 213; 4915; 1228.750; 23.075
values_867; 213; 4915; 1228.750; 23.075
values_868; 213; 4915; 1228.750; 23.075
values_869; 213; 4915; 1228.750; 23.075
values_87; 28895; 780001; 195000.250; 26.994
values_870; 179; 4221; 1055.250; 23.581
values_871; 179; 4221; 1055.250; 23.581
values_872; 179; 4221; 1055.250; 23.581
values_873; 179; 4221; 1055.250; 23.581
values_874; 179; 4221; 1055.250; 23.581
values_875; 179; 4221; 1055.250; 23.581
values_876; 179; 4221; 1055.250; 23.581
values_877; 179; 4221; 1055.250; 23.581
values_878; 179; 4221; 1055.250; 23.581
values_879; 179; 4221; 1055.250; 23.581
values_88; 28895; 780001; 195000.250; 26.994
values_880; 219; 5413; 1353.250; 24.716
values_881; 219; 5413; 1353.250; 24.716
values_882; 219; 5413; 1353.250; 24.716
values_883; 219; 5413; 1353.250; 24.716
values_884; 219; 5413; 1353.250; 24.716
values_885; 219; 5413; 1353.250; 24.716
values_886; 219; 5413; 1353.250; 24.716
values_887; 219; 5413; 1353.250; 24.716
values_888; 219; 5413; 1353.250; 24.716
values_889; 219; 5413; 1353.250; 24.716
values_89; 28895; 780001; 195000.250; 26.994
values_890; 186; 4242; 1060.500; 22.806
values_891; 186; 4242; 1060.500; 22.806
values_892; 186; 4242; 1060.500; 22.806
values_893; 186; 4242; 1060.500; 22.806
values_894; 186; 4242; 1060.500; 22.806
values_895; 186; 4242; 1060.500; 22.806
values_896; 186; 4242; 1060.500; 22.806
values_897; 186; 4242; 1060.500; 22.806
values_898; 186; 4242; 1060.500; 22.806
values_899; 186; 4242; 1060.500; 22.806
values_90; 37406; 1009742; 252435.500; 26.994
values_900; 21844; 589680; 147420.000; 26.995
values_901; 21844; 589680; 147420.000; 26.995
values_902; 21844; 589680; 147420.000; 26.995
values_903; 21844; 589680; 147420.000; 26.995
values_904; 21844; 589680; 147420.000; 26.995
values_905; 21844; 589680; 147420.000; 26.995
values_906; 21844; 589680; 147420.000; 26.995
values_907; 21844; 589680; 147420.000; 26.995
values_908; 21844; 589680; 147420.000; 26.995
values_909; 21844; 589680; 147420.000; 26.995
values_91; 37406; 1009742; 252435.500; 26.994
values_910; 187; 4325; 1081.250; 23.128
values_911; 187; 4325; 1081.250; 23.128
values_912; 187; 4325; 1081.250; 23.128
values_913; 187; 4325; 1081.250; 23.128
values_914; 187; 4325; 1081.250; 23.128
values_915; 187; 4325; 1081.250; 23.128
values_916; 187; 4325; 1081.250; 23.128
values_917; 187; 4325; 1081.250; 23.128
values_918; 187; 4325; 1081.250; 23.128
values_919; 187; 4325; 1081.250; 23.128
values_92; 37406; 1009742; 252435.500; 26.994
values_920; 297; 7519; 1879.750; 25.316
values_921; 297; 7519; 1879.750; 25.316
values_922; 297; 7519; 1879.750; 25.316
values_923; 297; 7519; 1879.750; 25.316
values_924; 297; 7519; 1879.750; 25.316
values_925; 297; 7519; 1879.750; 25.316
values_926; 297; 7519; 1879.750; 25.316
values_927; 297; 7519; 1879.750; 25.316
values_928; 297; 7519; 1879.750; 25.316
values_929; 297; 7519; 1879.750; 25.316
values_93; 37406; 1009742; 252435.500; 26.994
values_930; 174; 4030; 1007.500; 23.160
values_931; 174; 4030; 1007.500; 23.160
values_932; 174; 4030; 1007.500; 23.160
values_933; 174; 4030; 1007.500; 23.160
values_934; 174; 4030; 1007.500; 23.160
values_935; 174; 4030; 1007.500; 23.160
values_936; 174; 4030; 1007.500; 23.160
values_937; 174; 4030; 1007.500; 23.160
values_938; 174; 4030; 1007.500; 23.160
values_939; 174; 4030; 1007.500; 23.160
values_94; 37406; 1009742; 252435.500; 26.994
values_940; 121; 2879; 719.750; 23.793
values_941; 121; 2879; 719.750; 23.793
values_942; 121; 2879; 719.750; 23.793
values_943; 121; 2879; 719.750; 23.793
values_944; 121; 2879; 719.750; 23.793
values_945; 121; 2879; 719.750; 23.793
values_946; 121; 2879; 719.750; 23.793
values_947; 121; 2879; 719.750; 23.793
values_948; 121; 2879; 719.750; 23.793
values_949; 121; 2879; 719.750; 23.793
values_95; 37406; 1009742; 252435.500; 26.994
values_950; 214; 5334; 1333.500; 24.925
values_951; 214; 5334; 1333.500; 24.925
values_952; 214; 5334; 1333.500; 24.925
values_953; 214; 5334; 1333.500; 24.925
values_954; 214; 5334; 1333.500; 24.925
values_955; 214; 5334; 1333.500; 24.925
values_956; 214; 5334; 1333.500; 24.925
values_957; 214; 5334; 1333.500; 24.925
values_958; 214; 5334; 1333.500; 24.925
values_959; 214; 5334; 1333.500; 24.925
values_96; 37406; 1009742; 252435.500; 26.994
values_960; 302; 7710; 1927.500; 25.529
values_961; 302; 7710; 1927.500; 25.529
values_962; 302; 7710; 1927.500; 25.529
values_963; 302; 7710; 1927.500; 25.529
values_964; 302; 7710; 1927.500; 25.529
values_965; 302; 7710; 1927.500; 25.529
values_966; 302; 7710; 1927.500; 25.529
values_967; 302; 7710; 1927.500; 25.529
values_968; 302; 7710; 1927.500; 25.529
values_969; 302; 7710; 1927.500; 25.529
values_97; 37406; 1009742; 252435.500; 26.994
values_970; 245; 6339; 1584.750; 25.873
values_971; 245; 6339; 1584.750; 25.873
values_972; 245; 6339; 1584.750; 25.873
values_973; 245; 6339; 1584.750; 25.873
values_974; 245; 6339; 1584.750; 25.873
values_975; 245; 6339; 1584.750; 25.873
values_976; 245; 6339; 1584.750; 25.873
values_977; 245; 6339; 1584.750; 25.873
values_978; 245; 6339; 1584.750; 25.873
values_979; 245; 6339; 1584.750; 25.873
values_98; 37406; 1009742; 252435.500; 26.994
values_980; 138; 3282; 820.500; 23.782
values_981; 138; 3282; 820.500; 23.782
values_982; 138; 3282; 820.500; 23.782
values_983; 138; 3282; 820.500; 23.782
values_984; 138; 3282; 820.500; 23.782
values_985; 138; 3282; 820.500; 23.782
values_986; 138; 3282; 820.500; 23.782
values_987; 138; 3282; 820.500; 23.782
values_988; 138; 3282; 820.500; 23.782
values_989; 138; 3282; 820.500; 23.782
values_99; 37406; 1009742; 252435.500; 26.994
values_990; 196; 4624; 1156.000; 23.591
values_991; 196; 4624; 1156.000; 23.591
values_992; 196; 4624; 1156.000; 23.591
values_993; 196; 4624; 1156.000; 23.591
values_994; 196; 4624; 1156.000; 23.591
values_995; 196; 4624; 1156.000; 23.591
values_996; 196; 4624; 1156.000; 23.591
values_997; 196; 4624; 1156.000; 23.591
values_998; 196; 4624; 1156.000; 23.591
values_999; 196; 4624; 1156.000; 23.591
