Incite; Executed C Instr; Clock Cycle Effective; Execution Time; CC4CS;
values_00; 8; 245; 61.250; 30.625
values_01; 8; 245; 61.250; 30.625
values_02; 8; 245; 61.250; 30.625
values_03; 8; 245; 61.250; 30.625
values_04; 8; 245; 61.250; 30.625
values_05; 8; 245; 61.250; 30.625
values_06; 8; 245; 61.250; 30.625
values_07; 8; 245; 61.250; 30.625
values_08; 8; 245; 61.250; 30.625
values_09; 8; 245; 61.250; 30.625
values_10; 22; 542; 135.500; 24.636
values_100; 46; 1481; 370.250; 32.195
values_1000; 8; 317; 79.250; 39.625
values_1001; 8; 317; 79.250; 39.625
values_1002; 8; 317; 79.250; 39.625
values_1003; 8; 317; 79.250; 39.625
values_1004; 8; 317; 79.250; 39.625
values_1005; 8; 317; 79.250; 39.625
values_1006; 8; 317; 79.250; 39.625
values_1007; 8; 317; 79.250; 39.625
values_1008; 8; 317; 79.250; 39.625
values_1009; 8; 317; 79.250; 39.625
values_101; 46; 1481; 370.250; 32.195
values_1010; 25; 780; 195.000; 31.200
values_1011; 25; 780; 195.000; 31.200
values_1012; 25; 780; 195.000; 31.200
values_1013; 25; 780; 195.000; 31.200
values_1014; 25; 780; 195.000; 31.200
values_1015; 25; 780; 195.000; 31.200
values_1016; 25; 780; 195.000; 31.200
values_1017; 25; 780; 195.000; 31.200
values_1018; 25; 780; 195.000; 31.200
values_1019; 25; 780; 195.000; 31.200
values_102; 46; 1481; 370.250; 32.195
values_1020; 70; 2181; 545.250; 31.157
values_1021; 70; 2181; 545.250; 31.157
values_1022; 70; 2181; 545.250; 31.157
values_1023; 70; 2181; 545.250; 31.157
values_1024; 70; 2181; 545.250; 31.157
values_1025; 70; 2181; 545.250; 31.157
values_1026; 70; 2181; 545.250; 31.157
values_1027; 70; 2181; 545.250; 31.157
values_1028; 70; 2181; 545.250; 31.157
values_1029; 70; 2181; 545.250; 31.157
values_103; 46; 1481; 370.250; 32.195
values_1030; 8; 533; 133.250; 66.625
values_1031; 8; 533; 133.250; 66.625
values_1032; 8; 533; 133.250; 66.625
values_1033; 8; 533; 133.250; 66.625
values_1034; 8; 533; 133.250; 66.625
values_1035; 8; 533; 133.250; 66.625
values_1036; 8; 533; 133.250; 66.625
values_1037; 8; 533; 133.250; 66.625
values_1038; 8; 533; 133.250; 66.625
values_1039; 8; 533; 133.250; 66.625
values_104; 46; 1481; 370.250; 32.195
values_1040; 70; 2253; 563.250; 32.185
values_1041; 70; 2253; 563.250; 32.185
values_1042; 70; 2253; 563.250; 32.185
values_1043; 70; 2253; 563.250; 32.185
values_1044; 70; 2253; 563.250; 32.185
values_1045; 70; 2253; 563.250; 32.185
values_1046; 70; 2253; 563.250; 32.185
values_1047; 70; 2253; 563.250; 32.185
values_1048; 70; 2253; 563.250; 32.185
values_1049; 70; 2253; 563.250; 32.185
values_105; 46; 1481; 370.250; 32.195
values_1050; 55; 1690; 422.500; 30.727
values_1051; 55; 1690; 422.500; 30.727
values_1052; 55; 1690; 422.500; 30.727
values_1053; 55; 1690; 422.500; 30.727
values_1054; 55; 1690; 422.500; 30.727
values_1055; 55; 1690; 422.500; 30.727
values_1056; 55; 1690; 422.500; 30.727
values_1057; 55; 1690; 422.500; 30.727
values_1058; 55; 1690; 422.500; 30.727
values_1059; 55; 1690; 422.500; 30.727
values_106; 46; 1481; 370.250; 32.195
values_1060; 8; 461; 115.250; 57.625
values_1061; 8; 461; 115.250; 57.625
values_1062; 8; 461; 115.250; 57.625
values_1063; 8; 461; 115.250; 57.625
values_1064; 8; 461; 115.250; 57.625
values_1065; 8; 461; 115.250; 57.625
values_1066; 8; 461; 115.250; 57.625
values_1067; 8; 461; 115.250; 57.625
values_1068; 8; 461; 115.250; 57.625
values_1069; 8; 461; 115.250; 57.625
values_107; 46; 1481; 370.250; 32.195
values_1070; 55; 1762; 440.500; 32.036
values_1071; 55; 1762; 440.500; 32.036
values_1072; 55; 1762; 440.500; 32.036
values_1073; 55; 1762; 440.500; 32.036
values_1074; 55; 1762; 440.500; 32.036
values_1075; 55; 1762; 440.500; 32.036
values_1076; 55; 1762; 440.500; 32.036
values_1077; 55; 1762; 440.500; 32.036
values_1078; 55; 1762; 440.500; 32.036
values_1079; 55; 1762; 440.500; 32.036
values_108; 46; 1481; 370.250; 32.195
values_109; 46; 1481; 370.250; 32.195
values_11; 22; 542; 135.500; 24.636
values_110; 46; 1625; 406.250; 35.326
values_111; 46; 1625; 406.250; 35.326
values_112; 46; 1625; 406.250; 35.326
values_113; 46; 1625; 406.250; 35.326
values_114; 46; 1625; 406.250; 35.326
values_115; 46; 1625; 406.250; 35.326
values_116; 46; 1625; 406.250; 35.326
values_117; 46; 1625; 406.250; 35.326
values_118; 46; 1625; 406.250; 35.326
values_119; 46; 1625; 406.250; 35.326
values_12; 22; 542; 135.500; 24.636
values_120; 8; 461; 115.250; 57.625
values_121; 8; 461; 115.250; 57.625
values_122; 8; 461; 115.250; 57.625
values_123; 8; 461; 115.250; 57.625
values_124; 8; 461; 115.250; 57.625
values_125; 8; 461; 115.250; 57.625
values_126; 8; 461; 115.250; 57.625
values_127; 8; 461; 115.250; 57.625
values_128; 8; 461; 115.250; 57.625
values_129; 8; 461; 115.250; 57.625
values_13; 22; 542; 135.500; 24.636
values_130; 154; 4517; 1129.250; 29.331
values_131; 154; 4517; 1129.250; 29.331
values_132; 154; 4517; 1129.250; 29.331
values_133; 154; 4517; 1129.250; 29.331
values_134; 154; 4517; 1129.250; 29.331
values_135; 154; 4517; 1129.250; 29.331
values_136; 154; 4517; 1129.250; 29.331
values_137; 154; 4517; 1129.250; 29.331
values_138; 154; 4517; 1129.250; 29.331
values_139; 154; 4517; 1129.250; 29.331
values_14; 22; 542; 135.500; 24.636
values_140; 154; 4661; 1165.250; 30.266
values_141; 154; 4661; 1165.250; 30.266
values_142; 154; 4661; 1165.250; 30.266
values_143; 154; 4661; 1165.250; 30.266
values_144; 154; 4661; 1165.250; 30.266
values_145; 154; 4661; 1165.250; 30.266
values_146; 154; 4661; 1165.250; 30.266
values_147; 154; 4661; 1165.250; 30.266
values_148; 154; 4661; 1165.250; 30.266
values_149; 154; 4661; 1165.250; 30.266
values_15; 22; 542; 135.500; 24.636
values_150; 8; 425; 106.250; 53.125
values_151; 8; 425; 106.250; 53.125
values_152; 8; 425; 106.250; 53.125
values_153; 8; 425; 106.250; 53.125
values_154; 8; 425; 106.250; 53.125
values_155; 8; 425; 106.250; 53.125
values_156; 8; 425; 106.250; 53.125
values_157; 8; 425; 106.250; 53.125
values_158; 8; 425; 106.250; 53.125
values_159; 8; 425; 106.250; 53.125
values_16; 22; 542; 135.500; 24.636
values_160; 118; 3505; 876.250; 29.703
values_161; 118; 3505; 876.250; 29.703
values_162; 118; 3505; 876.250; 29.703
values_163; 118; 3505; 876.250; 29.703
values_164; 118; 3505; 876.250; 29.703
values_165; 118; 3505; 876.250; 29.703
values_166; 118; 3505; 876.250; 29.703
values_167; 118; 3505; 876.250; 29.703
values_168; 118; 3505; 876.250; 29.703
values_169; 118; 3505; 876.250; 29.703
values_17; 22; 542; 135.500; 24.636
values_170; 118; 3649; 912.250; 30.923
values_171; 118; 3649; 912.250; 30.923
values_172; 118; 3649; 912.250; 30.923
values_173; 118; 3649; 912.250; 30.923
values_174; 118; 3649; 912.250; 30.923
values_175; 118; 3649; 912.250; 30.923
values_176; 118; 3649; 912.250; 30.923
values_177; 118; 3649; 912.250; 30.923
values_178; 118; 3649; 912.250; 30.923
values_179; 118; 3649; 912.250; 30.923
values_18; 22; 542; 135.500; 24.636
values_180; 8; 245; 61.250; 30.625
values_181; 8; 245; 61.250; 30.625
values_182; 8; 245; 61.250; 30.625
values_183; 8; 245; 61.250; 30.625
values_184; 8; 245; 61.250; 30.625
values_185; 8; 245; 61.250; 30.625
values_186; 8; 245; 61.250; 30.625
values_187; 8; 245; 61.250; 30.625
values_188; 8; 245; 61.250; 30.625
values_189; 8; 245; 61.250; 30.625
values_19; 22; 542; 135.500; 24.636
values_190; 22; 542; 135.500; 24.636
values_191; 22; 542; 135.500; 24.636
values_192; 22; 542; 135.500; 24.636
values_193; 22; 542; 135.500; 24.636
values_194; 22; 542; 135.500; 24.636
values_195; 22; 542; 135.500; 24.636
values_196; 22; 542; 135.500; 24.636
values_197; 22; 542; 135.500; 24.636
values_198; 22; 542; 135.500; 24.636
values_199; 22; 542; 135.500; 24.636
values_20; 22; 578; 144.500; 26.272
values_200; 22; 578; 144.500; 26.272
values_201; 22; 578; 144.500; 26.272
values_202; 22; 578; 144.500; 26.272
values_203; 22; 578; 144.500; 26.272
values_204; 22; 578; 144.500; 26.272
values_205; 22; 578; 144.500; 26.272
values_206; 22; 578; 144.500; 26.272
values_207; 22; 578; 144.500; 26.272
values_208; 22; 578; 144.500; 26.272
values_209; 22; 578; 144.500; 26.272
values_21; 22; 578; 144.500; 26.272
values_210; 8; 353; 88.250; 44.125
values_211; 8; 353; 88.250; 44.125
values_212; 8; 353; 88.250; 44.125
values_213; 8; 353; 88.250; 44.125
values_214; 8; 353; 88.250; 44.125
values_215; 8; 353; 88.250; 44.125
values_216; 8; 353; 88.250; 44.125
values_217; 8; 353; 88.250; 44.125
values_218; 8; 353; 88.250; 44.125
values_219; 8; 353; 88.250; 44.125
values_22; 22; 578; 144.500; 26.272
values_220; 58; 1409; 352.250; 24.293
values_221; 58; 1409; 352.250; 24.293
values_222; 58; 1409; 352.250; 24.293
values_223; 58; 1409; 352.250; 24.293
values_224; 58; 1409; 352.250; 24.293
values_225; 58; 1409; 352.250; 24.293
values_226; 58; 1409; 352.250; 24.293
values_227; 58; 1409; 352.250; 24.293
values_228; 58; 1409; 352.250; 24.293
values_229; 58; 1409; 352.250; 24.293
values_23; 22; 578; 144.500; 26.272
values_230; 58; 1445; 361.250; 24.913
values_231; 58; 1445; 361.250; 24.913
values_232; 58; 1445; 361.250; 24.913
values_233; 58; 1445; 361.250; 24.913
values_234; 58; 1445; 361.250; 24.913
values_235; 58; 1445; 361.250; 24.913
values_236; 58; 1445; 361.250; 24.913
values_237; 58; 1445; 361.250; 24.913
values_238; 58; 1445; 361.250; 24.913
values_239; 58; 1445; 361.250; 24.913
values_24; 22; 578; 144.500; 26.272
values_240; 8; 317; 79.250; 39.625
values_241; 8; 317; 79.250; 39.625
values_242; 8; 317; 79.250; 39.625
values_243; 8; 317; 79.250; 39.625
values_244; 8; 317; 79.250; 39.625
values_245; 8; 317; 79.250; 39.625
values_246; 8; 317; 79.250; 39.625
values_247; 8; 317; 79.250; 39.625
values_248; 8; 317; 79.250; 39.625
values_249; 8; 317; 79.250; 39.625
values_25; 22; 578; 144.500; 26.272
values_250; 46; 1120; 280.000; 24.347
values_251; 46; 1120; 280.000; 24.347
values_252; 46; 1120; 280.000; 24.347
values_253; 46; 1120; 280.000; 24.347
values_254; 46; 1120; 280.000; 24.347
values_255; 46; 1120; 280.000; 24.347
values_256; 46; 1120; 280.000; 24.347
values_257; 46; 1120; 280.000; 24.347
values_258; 46; 1120; 280.000; 24.347
values_259; 46; 1120; 280.000; 24.347
values_26; 22; 578; 144.500; 26.272
values_260; 46; 1156; 289.000; 25.130
values_261; 46; 1156; 289.000; 25.130
values_262; 46; 1156; 289.000; 25.130
values_263; 46; 1156; 289.000; 25.130
values_264; 46; 1156; 289.000; 25.130
values_265; 46; 1156; 289.000; 25.130
values_266; 46; 1156; 289.000; 25.130
values_267; 46; 1156; 289.000; 25.130
values_268; 46; 1156; 289.000; 25.130
values_269; 46; 1156; 289.000; 25.130
values_27; 22; 578; 144.500; 26.272
values_270; 8; 245; 61.250; 30.625
values_271; 8; 245; 61.250; 30.625
values_272; 8; 245; 61.250; 30.625
values_273; 8; 245; 61.250; 30.625
values_274; 8; 245; 61.250; 30.625
values_275; 8; 245; 61.250; 30.625
values_276; 8; 245; 61.250; 30.625
values_277; 8; 245; 61.250; 30.625
values_278; 8; 245; 61.250; 30.625
values_279; 8; 245; 61.250; 30.625
values_28; 22; 578; 144.500; 26.272
values_280; 22; 542; 135.500; 24.636
values_281; 22; 542; 135.500; 24.636
values_282; 22; 542; 135.500; 24.636
values_283; 22; 542; 135.500; 24.636
values_284; 22; 542; 135.500; 24.636
values_285; 22; 542; 135.500; 24.636
values_286; 22; 542; 135.500; 24.636
values_287; 22; 542; 135.500; 24.636
values_288; 22; 542; 135.500; 24.636
values_289; 22; 542; 135.500; 24.636
values_29; 22; 578; 144.500; 26.272
values_290; 22; 578; 144.500; 26.272
values_291; 22; 578; 144.500; 26.272
values_292; 22; 578; 144.500; 26.272
values_293; 22; 578; 144.500; 26.272
values_294; 22; 578; 144.500; 26.272
values_295; 22; 578; 144.500; 26.272
values_296; 22; 578; 144.500; 26.272
values_297; 22; 578; 144.500; 26.272
values_298; 22; 578; 144.500; 26.272
values_299; 22; 578; 144.500; 26.272
values_30; 8; 353; 88.250; 44.125
values_300; 8; 353; 88.250; 44.125
values_301; 8; 353; 88.250; 44.125
values_302; 8; 353; 88.250; 44.125
values_303; 8; 353; 88.250; 44.125
values_304; 8; 353; 88.250; 44.125
values_305; 8; 353; 88.250; 44.125
values_306; 8; 353; 88.250; 44.125
values_307; 8; 353; 88.250; 44.125
values_308; 8; 353; 88.250; 44.125
values_309; 8; 353; 88.250; 44.125
values_31; 8; 353; 88.250; 44.125
values_310; 58; 1409; 352.250; 24.293
values_311; 58; 1409; 352.250; 24.293
values_312; 58; 1409; 352.250; 24.293
values_313; 58; 1409; 352.250; 24.293
values_314; 58; 1409; 352.250; 24.293
values_315; 58; 1409; 352.250; 24.293
values_316; 58; 1409; 352.250; 24.293
values_317; 58; 1409; 352.250; 24.293
values_318; 58; 1409; 352.250; 24.293
values_319; 58; 1409; 352.250; 24.293
values_32; 8; 353; 88.250; 44.125
values_320; 58; 1445; 361.250; 24.913
values_321; 58; 1445; 361.250; 24.913
values_322; 58; 1445; 361.250; 24.913
values_323; 58; 1445; 361.250; 24.913
values_324; 58; 1445; 361.250; 24.913
values_325; 58; 1445; 361.250; 24.913
values_326; 58; 1445; 361.250; 24.913
values_327; 58; 1445; 361.250; 24.913
values_328; 58; 1445; 361.250; 24.913
values_329; 58; 1445; 361.250; 24.913
values_33; 8; 353; 88.250; 44.125
values_330; 8; 317; 79.250; 39.625
values_331; 8; 317; 79.250; 39.625
values_332; 8; 317; 79.250; 39.625
values_333; 8; 317; 79.250; 39.625
values_334; 8; 317; 79.250; 39.625
values_335; 8; 317; 79.250; 39.625
values_336; 8; 317; 79.250; 39.625
values_337; 8; 317; 79.250; 39.625
values_338; 8; 317; 79.250; 39.625
values_339; 8; 317; 79.250; 39.625
values_34; 8; 353; 88.250; 44.125
values_340; 46; 1120; 280.000; 24.347
values_341; 46; 1120; 280.000; 24.347
values_342; 46; 1120; 280.000; 24.347
values_343; 46; 1120; 280.000; 24.347
values_344; 46; 1120; 280.000; 24.347
values_345; 46; 1120; 280.000; 24.347
values_346; 46; 1120; 280.000; 24.347
values_347; 46; 1120; 280.000; 24.347
values_348; 46; 1120; 280.000; 24.347
values_349; 46; 1120; 280.000; 24.347
values_35; 8; 353; 88.250; 44.125
values_350; 46; 1156; 289.000; 25.130
values_351; 46; 1156; 289.000; 25.130
values_352; 46; 1156; 289.000; 25.130
values_353; 46; 1156; 289.000; 25.130
values_354; 46; 1156; 289.000; 25.130
values_355; 46; 1156; 289.000; 25.130
values_356; 46; 1156; 289.000; 25.130
values_357; 46; 1156; 289.000; 25.130
values_358; 46; 1156; 289.000; 25.130
values_359; 46; 1156; 289.000; 25.130
values_36; 8; 353; 88.250; 44.125
values_360; 28; 917; 229.250; 32.750
values_361; 28; 917; 229.250; 32.750
values_362; 28; 917; 229.250; 32.750
values_363; 28; 917; 229.250; 32.750
values_364; 28; 917; 229.250; 32.750
values_365; 28; 917; 229.250; 32.750
values_366; 28; 917; 229.250; 32.750
values_367; 28; 917; 229.250; 32.750
values_368; 28; 917; 229.250; 32.750
values_369; 28; 917; 229.250; 32.750
values_37; 8; 353; 88.250; 44.125
values_370; 28; 953; 238.250; 34.035
values_371; 28; 953; 238.250; 34.035
values_372; 28; 953; 238.250; 34.035
values_373; 28; 953; 238.250; 34.035
values_374; 28; 953; 238.250; 34.035
values_375; 28; 953; 238.250; 34.035
values_376; 28; 953; 238.250; 34.035
values_377; 28; 953; 238.250; 34.035
values_378; 28; 953; 238.250; 34.035
values_379; 28; 953; 238.250; 34.035
values_38; 8; 353; 88.250; 44.125
values_380; 8; 389; 97.250; 48.625
values_381; 8; 389; 97.250; 48.625
values_382; 8; 389; 97.250; 48.625
values_383; 8; 389; 97.250; 48.625
values_384; 8; 389; 97.250; 48.625
values_385; 8; 389; 97.250; 48.625
values_386; 8; 389; 97.250; 48.625
values_387; 8; 389; 97.250; 48.625
values_388; 8; 389; 97.250; 48.625
values_389; 8; 389; 97.250; 48.625
values_39; 8; 353; 88.250; 44.125
values_390; 82; 3017; 754.250; 36.792
values_391; 82; 3017; 754.250; 36.792
values_392; 82; 3017; 754.250; 36.792
values_393; 82; 3017; 754.250; 36.792
values_394; 82; 3017; 754.250; 36.792
values_395; 82; 3017; 754.250; 36.792
values_396; 82; 3017; 754.250; 36.792
values_397; 82; 3017; 754.250; 36.792
values_398; 82; 3017; 754.250; 36.792
values_399; 82; 3017; 754.250; 36.792
values_40; 58; 1409; 352.250; 24.293
values_400; 82; 3053; 763.250; 37.231
values_401; 82; 3053; 763.250; 37.231
values_402; 82; 3053; 763.250; 37.231
values_403; 82; 3053; 763.250; 37.231
values_404; 82; 3053; 763.250; 37.231
values_405; 82; 3053; 763.250; 37.231
values_406; 82; 3053; 763.250; 37.231
values_407; 82; 3053; 763.250; 37.231
values_408; 82; 3053; 763.250; 37.231
values_409; 82; 3053; 763.250; 37.231
values_41; 58; 1409; 352.250; 24.293
values_410; 8; 713; 178.250; 89.125
values_411; 8; 713; 178.250; 89.125
values_412; 8; 713; 178.250; 89.125
values_413; 8; 713; 178.250; 89.125
values_414; 8; 713; 178.250; 89.125
values_415; 8; 713; 178.250; 89.125
values_416; 8; 713; 178.250; 89.125
values_417; 8; 713; 178.250; 89.125
values_418; 8; 713; 178.250; 89.125
values_419; 8; 713; 178.250; 89.125
values_42; 58; 1409; 352.250; 24.293
values_420; 64; 2317; 579.250; 36.203
values_421; 64; 2317; 579.250; 36.203
values_422; 64; 2317; 579.250; 36.203
values_423; 64; 2317; 579.250; 36.203
values_424; 64; 2317; 579.250; 36.203
values_425; 64; 2317; 579.250; 36.203
values_426; 64; 2317; 579.250; 36.203
values_427; 64; 2317; 579.250; 36.203
values_428; 64; 2317; 579.250; 36.203
values_429; 64; 2317; 579.250; 36.203
values_43; 58; 1409; 352.250; 24.293
values_430; 64; 2353; 588.250; 36.765
values_431; 64; 2353; 588.250; 36.765
values_432; 64; 2353; 588.250; 36.765
values_433; 64; 2353; 588.250; 36.765
values_434; 64; 2353; 588.250; 36.765
values_435; 64; 2353; 588.250; 36.765
values_436; 64; 2353; 588.250; 36.765
values_437; 64; 2353; 588.250; 36.765
values_438; 64; 2353; 588.250; 36.765
values_439; 64; 2353; 588.250; 36.765
values_44; 58; 1409; 352.250; 24.293
values_440; 8; 605; 151.250; 75.625
values_441; 8; 605; 151.250; 75.625
values_442; 8; 605; 151.250; 75.625
values_443; 8; 605; 151.250; 75.625
values_444; 8; 605; 151.250; 75.625
values_445; 8; 605; 151.250; 75.625
values_446; 8; 605; 151.250; 75.625
values_447; 8; 605; 151.250; 75.625
values_448; 8; 605; 151.250; 75.625
values_449; 8; 605; 151.250; 75.625
values_45; 58; 1409; 352.250; 24.293
values_450; 70; 2797; 699.250; 39.957
values_451; 70; 2797; 699.250; 39.957
values_452; 70; 2797; 699.250; 39.957
values_453; 70; 2797; 699.250; 39.957
values_454; 70; 2797; 699.250; 39.957
values_455; 70; 2797; 699.250; 39.957
values_456; 70; 2797; 699.250; 39.957
values_457; 70; 2797; 699.250; 39.957
values_458; 70; 2797; 699.250; 39.957
values_459; 70; 2797; 699.250; 39.957
values_46; 58; 1409; 352.250; 24.293
values_460; 70; 2941; 735.250; 42.014
values_461; 70; 2941; 735.250; 42.014
values_462; 70; 2941; 735.250; 42.014
values_463; 70; 2941; 735.250; 42.014
values_464; 70; 2941; 735.250; 42.014
values_465; 70; 2941; 735.250; 42.014
values_466; 70; 2941; 735.250; 42.014
values_467; 70; 2941; 735.250; 42.014
values_468; 70; 2941; 735.250; 42.014
values_469; 70; 2941; 735.250; 42.014
values_47; 58; 1409; 352.250; 24.293
values_470; 8; 713; 178.250; 89.125
values_471; 8; 713; 178.250; 89.125
values_472; 8; 713; 178.250; 89.125
values_473; 8; 713; 178.250; 89.125
values_474; 8; 713; 178.250; 89.125
values_475; 8; 713; 178.250; 89.125
values_476; 8; 713; 178.250; 89.125
values_477; 8; 713; 178.250; 89.125
values_478; 8; 713; 178.250; 89.125
values_479; 8; 713; 178.250; 89.125
values_48; 58; 1409; 352.250; 24.293
values_480; 250; 10213; 2553.250; 40.852
values_481; 250; 10213; 2553.250; 40.852
values_482; 250; 10213; 2553.250; 40.852
values_483; 250; 10213; 2553.250; 40.852
values_484; 250; 10213; 2553.250; 40.852
values_485; 250; 10213; 2553.250; 40.852
values_486; 250; 10213; 2553.250; 40.852
values_487; 250; 10213; 2553.250; 40.852
values_488; 250; 10213; 2553.250; 40.852
values_489; 250; 10213; 2553.250; 40.852
values_49; 58; 1409; 352.250; 24.293
values_490; 250; 10357; 2589.250; 41.428
values_491; 250; 10357; 2589.250; 41.428
values_492; 250; 10357; 2589.250; 41.428
values_493; 250; 10357; 2589.250; 41.428
values_494; 250; 10357; 2589.250; 41.428
values_495; 250; 10357; 2589.250; 41.428
values_496; 250; 10357; 2589.250; 41.428
values_497; 250; 10357; 2589.250; 41.428
values_498; 250; 10357; 2589.250; 41.428
values_499; 250; 10357; 2589.250; 41.428
values_50; 58; 1445; 361.250; 24.913
values_500; 8; 1037; 259.250; 129.625
values_501; 8; 1037; 259.250; 129.625
values_502; 8; 1037; 259.250; 129.625
values_503; 8; 1037; 259.250; 129.625
values_504; 8; 1037; 259.250; 129.625
values_505; 8; 1037; 259.250; 129.625
values_506; 8; 1037; 259.250; 129.625
values_507; 8; 1037; 259.250; 129.625
values_508; 8; 1037; 259.250; 129.625
values_509; 8; 1037; 259.250; 129.625
values_51; 58; 1445; 361.250; 24.913
values_510; 190; 7741; 1935.250; 40.742
values_511; 190; 7741; 1935.250; 40.742
values_512; 190; 7741; 1935.250; 40.742
values_513; 190; 7741; 1935.250; 40.742
values_514; 190; 7741; 1935.250; 40.742
values_515; 190; 7741; 1935.250; 40.742
values_516; 190; 7741; 1935.250; 40.742
values_517; 190; 7741; 1935.250; 40.742
values_518; 190; 7741; 1935.250; 40.742
values_519; 190; 7741; 1935.250; 40.742
values_52; 58; 1445; 361.250; 24.913
values_520; 190; 7885; 1971.250; 41.500
values_521; 190; 7885; 1971.250; 41.500
values_522; 190; 7885; 1971.250; 41.500
values_523; 190; 7885; 1971.250; 41.500
values_524; 190; 7885; 1971.250; 41.500
values_525; 190; 7885; 1971.250; 41.500
values_526; 190; 7885; 1971.250; 41.500
values_527; 190; 7885; 1971.250; 41.500
values_528; 190; 7885; 1971.250; 41.500
values_529; 190; 7885; 1971.250; 41.500
values_53; 58; 1445; 361.250; 24.913
values_530; 8; 929; 232.250; 116.125
values_531; 8; 929; 232.250; 116.125
values_532; 8; 929; 232.250; 116.125
values_533; 8; 929; 232.250; 116.125
values_534; 8; 929; 232.250; 116.125
values_535; 8; 929; 232.250; 116.125
values_536; 8; 929; 232.250; 116.125
values_537; 8; 929; 232.250; 116.125
values_538; 8; 929; 232.250; 116.125
values_539; 8; 929; 232.250; 116.125
values_54; 58; 1445; 361.250; 24.913
values_540; 28; 917; 229.250; 32.750
values_541; 28; 917; 229.250; 32.750
values_542; 28; 917; 229.250; 32.750
values_543; 28; 917; 229.250; 32.750
values_544; 28; 917; 229.250; 32.750
values_545; 28; 917; 229.250; 32.750
values_546; 28; 917; 229.250; 32.750
values_547; 28; 917; 229.250; 32.750
values_548; 28; 917; 229.250; 32.750
values_549; 28; 917; 229.250; 32.750
values_55; 58; 1445; 361.250; 24.913
values_550; 28; 953; 238.250; 34.035
values_551; 28; 953; 238.250; 34.035
values_552; 28; 953; 238.250; 34.035
values_553; 28; 953; 238.250; 34.035
values_554; 28; 953; 238.250; 34.035
values_555; 28; 953; 238.250; 34.035
values_556; 28; 953; 238.250; 34.035
values_557; 28; 953; 238.250; 34.035
values_558; 28; 953; 238.250; 34.035
values_559; 28; 953; 238.250; 34.035
values_56; 58; 1445; 361.250; 24.913
values_560; 8; 389; 97.250; 48.625
values_561; 8; 389; 97.250; 48.625
values_562; 8; 389; 97.250; 48.625
values_563; 8; 389; 97.250; 48.625
values_564; 8; 389; 97.250; 48.625
values_565; 8; 389; 97.250; 48.625
values_566; 8; 389; 97.250; 48.625
values_567; 8; 389; 97.250; 48.625
values_568; 8; 389; 97.250; 48.625
values_569; 8; 389; 97.250; 48.625
values_57; 58; 1445; 361.250; 24.913
values_570; 82; 3017; 754.250; 36.792
values_571; 82; 3017; 754.250; 36.792
values_572; 82; 3017; 754.250; 36.792
values_573; 82; 3017; 754.250; 36.792
values_574; 82; 3017; 754.250; 36.792
values_575; 82; 3017; 754.250; 36.792
values_576; 82; 3017; 754.250; 36.792
values_577; 82; 3017; 754.250; 36.792
values_578; 82; 3017; 754.250; 36.792
values_579; 82; 3017; 754.250; 36.792
values_58; 58; 1445; 361.250; 24.913
values_580; 82; 3053; 763.250; 37.231
values_581; 82; 3053; 763.250; 37.231
values_582; 82; 3053; 763.250; 37.231
values_583; 82; 3053; 763.250; 37.231
values_584; 82; 3053; 763.250; 37.231
values_585; 82; 3053; 763.250; 37.231
values_586; 82; 3053; 763.250; 37.231
values_587; 82; 3053; 763.250; 37.231
values_588; 82; 3053; 763.250; 37.231
values_589; 82; 3053; 763.250; 37.231
values_59; 58; 1445; 361.250; 24.913
values_590; 8; 713; 178.250; 89.125
values_591; 8; 713; 178.250; 89.125
values_592; 8; 713; 178.250; 89.125
values_593; 8; 713; 178.250; 89.125
values_594; 8; 713; 178.250; 89.125
values_595; 8; 713; 178.250; 89.125
values_596; 8; 713; 178.250; 89.125
values_597; 8; 713; 178.250; 89.125
values_598; 8; 713; 178.250; 89.125
values_599; 8; 713; 178.250; 89.125
values_60; 8; 317; 79.250; 39.625
values_600; 64; 2317; 579.250; 36.203
values_601; 64; 2317; 579.250; 36.203
values_602; 64; 2317; 579.250; 36.203
values_603; 64; 2317; 579.250; 36.203
values_604; 64; 2317; 579.250; 36.203
values_605; 64; 2317; 579.250; 36.203
values_606; 64; 2317; 579.250; 36.203
values_607; 64; 2317; 579.250; 36.203
values_608; 64; 2317; 579.250; 36.203
values_609; 64; 2317; 579.250; 36.203
values_61; 8; 317; 79.250; 39.625
values_610; 64; 2353; 588.250; 36.765
values_611; 64; 2353; 588.250; 36.765
values_612; 64; 2353; 588.250; 36.765
values_613; 64; 2353; 588.250; 36.765
values_614; 64; 2353; 588.250; 36.765
values_615; 64; 2353; 588.250; 36.765
values_616; 64; 2353; 588.250; 36.765
values_617; 64; 2353; 588.250; 36.765
values_618; 64; 2353; 588.250; 36.765
values_619; 64; 2353; 588.250; 36.765
values_62; 8; 317; 79.250; 39.625
values_620; 8; 605; 151.250; 75.625
values_621; 8; 605; 151.250; 75.625
values_622; 8; 605; 151.250; 75.625
values_623; 8; 605; 151.250; 75.625
values_624; 8; 605; 151.250; 75.625
values_625; 8; 605; 151.250; 75.625
values_626; 8; 605; 151.250; 75.625
values_627; 8; 605; 151.250; 75.625
values_628; 8; 605; 151.250; 75.625
values_629; 8; 605; 151.250; 75.625
values_63; 8; 317; 79.250; 39.625
values_630; 28; 917; 229.250; 32.750
values_631; 28; 917; 229.250; 32.750
values_632; 28; 917; 229.250; 32.750
values_633; 28; 917; 229.250; 32.750
values_634; 28; 917; 229.250; 32.750
values_635; 28; 917; 229.250; 32.750
values_636; 28; 917; 229.250; 32.750
values_637; 28; 917; 229.250; 32.750
values_638; 28; 917; 229.250; 32.750
values_639; 28; 917; 229.250; 32.750
values_64; 8; 317; 79.250; 39.625
values_640; 28; 953; 238.250; 34.035
values_641; 28; 953; 238.250; 34.035
values_642; 28; 953; 238.250; 34.035
values_643; 28; 953; 238.250; 34.035
values_644; 28; 953; 238.250; 34.035
values_645; 28; 953; 238.250; 34.035
values_646; 28; 953; 238.250; 34.035
values_647; 28; 953; 238.250; 34.035
values_648; 28; 953; 238.250; 34.035
values_649; 28; 953; 238.250; 34.035
values_65; 8; 317; 79.250; 39.625
values_650; 8; 389; 97.250; 48.625
values_651; 8; 389; 97.250; 48.625
values_652; 8; 389; 97.250; 48.625
values_653; 8; 389; 97.250; 48.625
values_654; 8; 389; 97.250; 48.625
values_655; 8; 389; 97.250; 48.625
values_656; 8; 389; 97.250; 48.625
values_657; 8; 389; 97.250; 48.625
values_658; 8; 389; 97.250; 48.625
values_659; 8; 389; 97.250; 48.625
values_66; 8; 317; 79.250; 39.625
values_660; 82; 3017; 754.250; 36.792
values_661; 82; 3017; 754.250; 36.792
values_662; 82; 3017; 754.250; 36.792
values_663; 82; 3017; 754.250; 36.792
values_664; 82; 3017; 754.250; 36.792
values_665; 82; 3017; 754.250; 36.792
values_666; 82; 3017; 754.250; 36.792
values_667; 82; 3017; 754.250; 36.792
values_668; 82; 3017; 754.250; 36.792
values_669; 82; 3017; 754.250; 36.792
values_67; 8; 317; 79.250; 39.625
values_670; 82; 3053; 763.250; 37.231
values_671; 82; 3053; 763.250; 37.231
values_672; 82; 3053; 763.250; 37.231
values_673; 82; 3053; 763.250; 37.231
values_674; 82; 3053; 763.250; 37.231
values_675; 82; 3053; 763.250; 37.231
values_676; 82; 3053; 763.250; 37.231
values_677; 82; 3053; 763.250; 37.231
values_678; 82; 3053; 763.250; 37.231
values_679; 82; 3053; 763.250; 37.231
values_68; 8; 317; 79.250; 39.625
values_680; 8; 713; 178.250; 89.125
values_681; 8; 713; 178.250; 89.125
values_682; 8; 713; 178.250; 89.125
values_683; 8; 713; 178.250; 89.125
values_684; 8; 713; 178.250; 89.125
values_685; 8; 713; 178.250; 89.125
values_686; 8; 713; 178.250; 89.125
values_687; 8; 713; 178.250; 89.125
values_688; 8; 713; 178.250; 89.125
values_689; 8; 713; 178.250; 89.125
values_69; 8; 317; 79.250; 39.625
values_690; 64; 2317; 579.250; 36.203
values_691; 64; 2317; 579.250; 36.203
values_692; 64; 2317; 579.250; 36.203
values_693; 64; 2317; 579.250; 36.203
values_694; 64; 2317; 579.250; 36.203
values_695; 64; 2317; 579.250; 36.203
values_696; 64; 2317; 579.250; 36.203
values_697; 64; 2317; 579.250; 36.203
values_698; 64; 2317; 579.250; 36.203
values_699; 64; 2317; 579.250; 36.203
values_70; 46; 1120; 280.000; 24.347
values_700; 64; 2353; 588.250; 36.765
values_701; 64; 2353; 588.250; 36.765
values_702; 64; 2353; 588.250; 36.765
values_703; 64; 2353; 588.250; 36.765
values_704; 64; 2353; 588.250; 36.765
values_705; 64; 2353; 588.250; 36.765
values_706; 64; 2353; 588.250; 36.765
values_707; 64; 2353; 588.250; 36.765
values_708; 64; 2353; 588.250; 36.765
values_709; 64; 2353; 588.250; 36.765
values_71; 46; 1120; 280.000; 24.347
values_710; 8; 605; 151.250; 75.625
values_711; 8; 605; 151.250; 75.625
values_712; 8; 605; 151.250; 75.625
values_713; 8; 605; 151.250; 75.625
values_714; 8; 605; 151.250; 75.625
values_715; 8; 605; 151.250; 75.625
values_716; 8; 605; 151.250; 75.625
values_717; 8; 605; 151.250; 75.625
values_718; 8; 605; 151.250; 75.625
values_719; 8; 605; 151.250; 75.625
values_72; 46; 1120; 280.000; 24.347
values_720; 25; 708; 177.000; 28.320
values_721; 25; 708; 177.000; 28.320
values_722; 25; 708; 177.000; 28.320
values_723; 25; 708; 177.000; 28.320
values_724; 25; 708; 177.000; 28.320
values_725; 25; 708; 177.000; 28.320
values_726; 25; 708; 177.000; 28.320
values_727; 25; 708; 177.000; 28.320
values_728; 25; 708; 177.000; 28.320
values_729; 25; 708; 177.000; 28.320
values_73; 46; 1120; 280.000; 24.347
values_730; 8; 317; 79.250; 39.625
values_731; 8; 317; 79.250; 39.625
values_732; 8; 317; 79.250; 39.625
values_733; 8; 317; 79.250; 39.625
values_734; 8; 317; 79.250; 39.625
values_735; 8; 317; 79.250; 39.625
values_736; 8; 317; 79.250; 39.625
values_737; 8; 317; 79.250; 39.625
values_738; 8; 317; 79.250; 39.625
values_739; 8; 317; 79.250; 39.625
values_74; 46; 1120; 280.000; 24.347
values_740; 25; 780; 195.000; 31.200
values_741; 25; 780; 195.000; 31.200
values_742; 25; 780; 195.000; 31.200
values_743; 25; 780; 195.000; 31.200
values_744; 25; 780; 195.000; 31.200
values_745; 25; 780; 195.000; 31.200
values_746; 25; 780; 195.000; 31.200
values_747; 25; 780; 195.000; 31.200
values_748; 25; 780; 195.000; 31.200
values_749; 25; 780; 195.000; 31.200
values_75; 46; 1120; 280.000; 24.347
values_750; 70; 2181; 545.250; 31.157
values_751; 70; 2181; 545.250; 31.157
values_752; 70; 2181; 545.250; 31.157
values_753; 70; 2181; 545.250; 31.157
values_754; 70; 2181; 545.250; 31.157
values_755; 70; 2181; 545.250; 31.157
values_756; 70; 2181; 545.250; 31.157
values_757; 70; 2181; 545.250; 31.157
values_758; 70; 2181; 545.250; 31.157
values_759; 70; 2181; 545.250; 31.157
values_76; 46; 1120; 280.000; 24.347
values_760; 8; 533; 133.250; 66.625
values_761; 8; 533; 133.250; 66.625
values_762; 8; 533; 133.250; 66.625
values_763; 8; 533; 133.250; 66.625
values_764; 8; 533; 133.250; 66.625
values_765; 8; 533; 133.250; 66.625
values_766; 8; 533; 133.250; 66.625
values_767; 8; 533; 133.250; 66.625
values_768; 8; 533; 133.250; 66.625
values_769; 8; 533; 133.250; 66.625
values_77; 46; 1120; 280.000; 24.347
values_770; 70; 2253; 563.250; 32.185
values_771; 70; 2253; 563.250; 32.185
values_772; 70; 2253; 563.250; 32.185
values_773; 70; 2253; 563.250; 32.185
values_774; 70; 2253; 563.250; 32.185
values_775; 70; 2253; 563.250; 32.185
values_776; 70; 2253; 563.250; 32.185
values_777; 70; 2253; 563.250; 32.185
values_778; 70; 2253; 563.250; 32.185
values_779; 70; 2253; 563.250; 32.185
values_78; 46; 1120; 280.000; 24.347
values_780; 55; 1690; 422.500; 30.727
values_781; 55; 1690; 422.500; 30.727
values_782; 55; 1690; 422.500; 30.727
values_783; 55; 1690; 422.500; 30.727
values_784; 55; 1690; 422.500; 30.727
values_785; 55; 1690; 422.500; 30.727
values_786; 55; 1690; 422.500; 30.727
values_787; 55; 1690; 422.500; 30.727
values_788; 55; 1690; 422.500; 30.727
values_789; 55; 1690; 422.500; 30.727
values_79; 46; 1120; 280.000; 24.347
values_790; 8; 461; 115.250; 57.625
values_791; 8; 461; 115.250; 57.625
values_792; 8; 461; 115.250; 57.625
values_793; 8; 461; 115.250; 57.625
values_794; 8; 461; 115.250; 57.625
values_795; 8; 461; 115.250; 57.625
values_796; 8; 461; 115.250; 57.625
values_797; 8; 461; 115.250; 57.625
values_798; 8; 461; 115.250; 57.625
values_799; 8; 461; 115.250; 57.625
values_80; 46; 1156; 289.000; 25.130
values_800; 55; 1762; 440.500; 32.036
values_801; 55; 1762; 440.500; 32.036
values_802; 55; 1762; 440.500; 32.036
values_803; 55; 1762; 440.500; 32.036
values_804; 55; 1762; 440.500; 32.036
values_805; 55; 1762; 440.500; 32.036
values_806; 55; 1762; 440.500; 32.036
values_807; 55; 1762; 440.500; 32.036
values_808; 55; 1762; 440.500; 32.036
values_809; 55; 1762; 440.500; 32.036
values_81; 46; 1156; 289.000; 25.130
values_810; 58; 2053; 513.250; 35.396
values_811; 58; 2053; 513.250; 35.396
values_812; 58; 2053; 513.250; 35.396
values_813; 58; 2053; 513.250; 35.396
values_814; 58; 2053; 513.250; 35.396
values_815; 58; 2053; 513.250; 35.396
values_816; 58; 2053; 513.250; 35.396
values_817; 58; 2053; 513.250; 35.396
values_818; 58; 2053; 513.250; 35.396
values_819; 58; 2053; 513.250; 35.396
values_82; 46; 1156; 289.000; 25.130
values_820; 8; 533; 133.250; 66.625
values_821; 8; 533; 133.250; 66.625
values_822; 8; 533; 133.250; 66.625
values_823; 8; 533; 133.250; 66.625
values_824; 8; 533; 133.250; 66.625
values_825; 8; 533; 133.250; 66.625
values_826; 8; 533; 133.250; 66.625
values_827; 8; 533; 133.250; 66.625
values_828; 8; 533; 133.250; 66.625
values_829; 8; 533; 133.250; 66.625
values_83; 46; 1156; 289.000; 25.130
values_830; 58; 2341; 585.250; 40.362
values_831; 58; 2341; 585.250; 40.362
values_832; 58; 2341; 585.250; 40.362
values_833; 58; 2341; 585.250; 40.362
values_834; 58; 2341; 585.250; 40.362
values_835; 58; 2341; 585.250; 40.362
values_836; 58; 2341; 585.250; 40.362
values_837; 58; 2341; 585.250; 40.362
values_838; 58; 2341; 585.250; 40.362
values_839; 58; 2341; 585.250; 40.362
values_84; 46; 1156; 289.000; 25.130
values_840; 202; 7237; 1809.250; 35.826
values_841; 202; 7237; 1809.250; 35.826
values_842; 202; 7237; 1809.250; 35.826
values_843; 202; 7237; 1809.250; 35.826
values_844; 202; 7237; 1809.250; 35.826
values_845; 202; 7237; 1809.250; 35.826
values_846; 202; 7237; 1809.250; 35.826
values_847; 202; 7237; 1809.250; 35.826
values_848; 202; 7237; 1809.250; 35.826
values_849; 202; 7237; 1809.250; 35.826
values_85; 46; 1156; 289.000; 25.130
values_850; 8; 749; 187.250; 93.625
values_851; 8; 749; 187.250; 93.625
values_852; 8; 749; 187.250; 93.625
values_853; 8; 749; 187.250; 93.625
values_854; 8; 749; 187.250; 93.625
values_855; 8; 749; 187.250; 93.625
values_856; 8; 749; 187.250; 93.625
values_857; 8; 749; 187.250; 93.625
values_858; 8; 749; 187.250; 93.625
values_859; 8; 749; 187.250; 93.625
values_86; 46; 1156; 289.000; 25.130
values_860; 202; 7525; 1881.250; 37.252
values_861; 202; 7525; 1881.250; 37.252
values_862; 202; 7525; 1881.250; 37.252
values_863; 202; 7525; 1881.250; 37.252
values_864; 202; 7525; 1881.250; 37.252
values_865; 202; 7525; 1881.250; 37.252
values_866; 202; 7525; 1881.250; 37.252
values_867; 202; 7525; 1881.250; 37.252
values_868; 202; 7525; 1881.250; 37.252
values_869; 202; 7525; 1881.250; 37.252
values_87; 46; 1156; 289.000; 25.130
values_870; 154; 5509; 1377.250; 35.772
values_871; 154; 5509; 1377.250; 35.772
values_872; 154; 5509; 1377.250; 35.772
values_873; 154; 5509; 1377.250; 35.772
values_874; 154; 5509; 1377.250; 35.772
values_875; 154; 5509; 1377.250; 35.772
values_876; 154; 5509; 1377.250; 35.772
values_877; 154; 5509; 1377.250; 35.772
values_878; 154; 5509; 1377.250; 35.772
values_879; 154; 5509; 1377.250; 35.772
values_88; 46; 1156; 289.000; 25.130
values_880; 8; 677; 169.250; 84.625
values_881; 8; 677; 169.250; 84.625
values_882; 8; 677; 169.250; 84.625
values_883; 8; 677; 169.250; 84.625
values_884; 8; 677; 169.250; 84.625
values_885; 8; 677; 169.250; 84.625
values_886; 8; 677; 169.250; 84.625
values_887; 8; 677; 169.250; 84.625
values_888; 8; 677; 169.250; 84.625
values_889; 8; 677; 169.250; 84.625
values_89; 46; 1156; 289.000; 25.130
values_890; 154; 5797; 1449.250; 37.642
values_891; 154; 5797; 1449.250; 37.642
values_892; 154; 5797; 1449.250; 37.642
values_893; 154; 5797; 1449.250; 37.642
values_894; 154; 5797; 1449.250; 37.642
values_895; 154; 5797; 1449.250; 37.642
values_896; 154; 5797; 1449.250; 37.642
values_897; 154; 5797; 1449.250; 37.642
values_898; 154; 5797; 1449.250; 37.642
values_899; 154; 5797; 1449.250; 37.642
values_90; 8; 353; 88.250; 44.125
values_900; 25; 708; 177.000; 28.320
values_901; 25; 708; 177.000; 28.320
values_902; 25; 708; 177.000; 28.320
values_903; 25; 708; 177.000; 28.320
values_904; 25; 708; 177.000; 28.320
values_905; 25; 708; 177.000; 28.320
values_906; 25; 708; 177.000; 28.320
values_907; 25; 708; 177.000; 28.320
values_908; 25; 708; 177.000; 28.320
values_909; 25; 708; 177.000; 28.320
values_91; 8; 353; 88.250; 44.125
values_910; 8; 317; 79.250; 39.625
values_911; 8; 317; 79.250; 39.625
values_912; 8; 317; 79.250; 39.625
values_913; 8; 317; 79.250; 39.625
values_914; 8; 317; 79.250; 39.625
values_915; 8; 317; 79.250; 39.625
values_916; 8; 317; 79.250; 39.625
values_917; 8; 317; 79.250; 39.625
values_918; 8; 317; 79.250; 39.625
values_919; 8; 317; 79.250; 39.625
values_92; 8; 353; 88.250; 44.125
values_920; 25; 780; 195.000; 31.200
values_921; 25; 780; 195.000; 31.200
values_922; 25; 780; 195.000; 31.200
values_923; 25; 780; 195.000; 31.200
values_924; 25; 780; 195.000; 31.200
values_925; 25; 780; 195.000; 31.200
values_926; 25; 780; 195.000; 31.200
values_927; 25; 780; 195.000; 31.200
values_928; 25; 780; 195.000; 31.200
values_929; 25; 780; 195.000; 31.200
values_93; 8; 353; 88.250; 44.125
values_930; 70; 2181; 545.250; 31.157
values_931; 70; 2181; 545.250; 31.157
values_932; 70; 2181; 545.250; 31.157
values_933; 70; 2181; 545.250; 31.157
values_934; 70; 2181; 545.250; 31.157
values_935; 70; 2181; 545.250; 31.157
values_936; 70; 2181; 545.250; 31.157
values_937; 70; 2181; 545.250; 31.157
values_938; 70; 2181; 545.250; 31.157
values_939; 70; 2181; 545.250; 31.157
values_94; 8; 353; 88.250; 44.125
values_940; 8; 533; 133.250; 66.625
values_941; 8; 533; 133.250; 66.625
values_942; 8; 533; 133.250; 66.625
values_943; 8; 533; 133.250; 66.625
values_944; 8; 533; 133.250; 66.625
values_945; 8; 533; 133.250; 66.625
values_946; 8; 533; 133.250; 66.625
values_947; 8; 533; 133.250; 66.625
values_948; 8; 533; 133.250; 66.625
values_949; 8; 533; 133.250; 66.625
values_95; 8; 353; 88.250; 44.125
values_950; 70; 2253; 563.250; 32.185
values_951; 70; 2253; 563.250; 32.185
values_952; 70; 2253; 563.250; 32.185
values_953; 70; 2253; 563.250; 32.185
values_954; 70; 2253; 563.250; 32.185
values_955; 70; 2253; 563.250; 32.185
values_956; 70; 2253; 563.250; 32.185
values_957; 70; 2253; 563.250; 32.185
values_958; 70; 2253; 563.250; 32.185
values_959; 70; 2253; 563.250; 32.185
values_96; 8; 353; 88.250; 44.125
values_960; 55; 1690; 422.500; 30.727
values_961; 55; 1690; 422.500; 30.727
values_962; 55; 1690; 422.500; 30.727
values_963; 55; 1690; 422.500; 30.727
values_964; 55; 1690; 422.500; 30.727
values_965; 55; 1690; 422.500; 30.727
values_966; 55; 1690; 422.500; 30.727
values_967; 55; 1690; 422.500; 30.727
values_968; 55; 1690; 422.500; 30.727
values_969; 55; 1690; 422.500; 30.727
values_97; 8; 353; 88.250; 44.125
values_970; 8; 461; 115.250; 57.625
values_971; 8; 461; 115.250; 57.625
values_972; 8; 461; 115.250; 57.625
values_973; 8; 461; 115.250; 57.625
values_974; 8; 461; 115.250; 57.625
values_975; 8; 461; 115.250; 57.625
values_976; 8; 461; 115.250; 57.625
values_977; 8; 461; 115.250; 57.625
values_978; 8; 461; 115.250; 57.625
values_979; 8; 461; 115.250; 57.625
values_98; 8; 353; 88.250; 44.125
values_980; 55; 1762; 440.500; 32.036
values_981; 55; 1762; 440.500; 32.036
values_982; 55; 1762; 440.500; 32.036
values_983; 55; 1762; 440.500; 32.036
values_984; 55; 1762; 440.500; 32.036
values_985; 55; 1762; 440.500; 32.036
values_986; 55; 1762; 440.500; 32.036
values_987; 55; 1762; 440.500; 32.036
values_988; 55; 1762; 440.500; 32.036
values_989; 55; 1762; 440.500; 32.036
values_99; 8; 353; 88.250; 44.125
values_990; 25; 708; 177.000; 28.320
values_991; 25; 708; 177.000; 28.320
values_992; 25; 708; 177.000; 28.320
values_993; 25; 708; 177.000; 28.320
values_994; 25; 708; 177.000; 28.320
values_995; 25; 708; 177.000; 28.320
values_996; 25; 708; 177.000; 28.320
values_997; 25; 708; 177.000; 28.320
values_998; 25; 708; 177.000; 28.320
values_999; 25; 708; 177.000; 28.320
