Incite; Executed C Instr; Clock Cycle Effective; Execution Time; CC4CS;
values_00; 22; 527; 131.750; 23.954
values_01; 22; 527; 131.750; 23.954
values_02; 22; 527; 131.750; 23.954
values_03; 22; 527; 131.750; 23.954
values_04; 22; 527; 131.750; 23.954
values_05; 22; 527; 131.750; 23.954
values_06; 22; 527; 131.750; 23.954
values_07; 22; 527; 131.750; 23.954
values_08; 22; 527; 131.750; 23.954
values_09; 22; 527; 131.750; 23.954
values_10; 35; 810; 202.500; 23.142
values_100; 170; 4933; 1233.250; 29.017
values_101; 170; 4933; 1233.250; 29.017
values_102; 170; 4933; 1233.250; 29.017
values_103; 170; 4933; 1233.250; 29.017
values_104; 170; 4933; 1233.250; 29.017
values_105; 170; 4933; 1233.250; 29.017
values_106; 170; 4933; 1233.250; 29.017
values_107; 170; 4933; 1233.250; 29.017
values_108; 170; 4933; 1233.250; 29.017
values_109; 170; 4933; 1233.250; 29.017
values_11; 35; 810; 202.500; 23.142
values_110; 170; 4934; 1233.500; 29.023
values_111; 175; 5015; 1253.750; 28.657
values_112; 170; 4935; 1233.750; 29.029
values_113; 175; 5017; 1254.250; 28.668
values_114; 170; 4936; 1234.000; 29.035
values_115; 175; 5016; 1254.000; 28.662
values_116; 170; 4934; 1233.500; 29.023
values_117; 170; 4935; 1233.750; 29.029
values_118; 188; 5298; 1324.500; 28.180
values_119; 175; 5017; 1254.250; 28.668
values_12; 35; 810; 202.500; 23.142
values_120; 170; 4933; 1233.250; 29.017
values_121; 170; 4935; 1233.750; 29.029
values_122; 170; 4935; 1233.750; 29.029
values_123; 175; 5015; 1253.750; 28.657
values_124; 170; 4935; 1233.750; 29.029
values_125; 170; 4935; 1233.750; 29.029
values_126; 175; 5015; 1253.750; 28.657
values_127; 170; 4933; 1233.250; 29.017
values_128; 170; 4933; 1233.250; 29.017
values_129; 170; 4933; 1233.250; 29.017
values_13; 35; 809; 202.250; 23.114
values_130; 175; 5014; 1253.500; 28.651
values_131; 175; 5015; 1253.750; 28.657
values_132; 170; 4935; 1233.750; 29.029
values_133; 188; 5299; 1324.750; 28.186
values_134; 175; 5014; 1253.500; 28.651
values_135; 170; 4934; 1233.500; 29.023
values_136; 170; 4936; 1234.000; 29.035
values_137; 175; 5016; 1254.000; 28.662
values_138; 175; 5016; 1254.000; 28.662
values_139; 175; 5017; 1254.250; 28.668
values_14; 35; 810; 202.500; 23.142
values_140; 188; 5300; 1325.000; 28.191
values_141; 188; 5300; 1325.000; 28.191
values_142; 188; 5300; 1325.000; 28.191
values_143; 188; 5300; 1325.000; 28.191
values_144; 188; 5300; 1325.000; 28.191
values_145; 188; 5300; 1325.000; 28.191
values_146; 188; 5300; 1325.000; 28.191
values_147; 188; 5300; 1325.000; 28.191
values_148; 188; 5300; 1325.000; 28.191
values_149; 188; 5300; 1325.000; 28.191
values_15; 35; 809; 202.250; 23.114
values_150; 170; 4935; 1233.750; 29.029
values_151; 170; 4934; 1233.500; 29.023
values_152; 170; 4935; 1233.750; 29.029
values_153; 183; 5217; 1304.250; 28.508
values_154; 170; 4933; 1233.250; 29.017
values_155; 183; 5217; 1304.250; 28.508
values_156; 170; 4933; 1233.250; 29.017
values_157; 170; 4934; 1233.500; 29.023
values_158; 175; 5015; 1253.750; 28.657
values_159; 170; 4934; 1233.500; 29.023
values_16; 35; 810; 202.500; 23.142
values_160; 175; 5017; 1254.250; 28.668
values_161; 188; 5300; 1325.000; 28.191
values_162; 175; 5015; 1253.750; 28.657
values_163; 170; 4936; 1234.000; 29.035
values_164; 188; 5299; 1324.750; 28.186
values_165; 188; 5299; 1324.750; 28.186
values_166; 188; 5299; 1324.750; 28.186
values_167; 188; 5300; 1325.000; 28.191
values_168; 170; 4936; 1234.000; 29.035
values_169; 188; 5299; 1324.750; 28.186
values_17; 35; 810; 202.500; 23.142
values_170; 170; 4935; 1233.750; 29.029
values_171; 188; 5298; 1324.500; 28.180
values_172; 175; 5017; 1254.250; 28.668
values_173; 188; 5299; 1324.750; 28.186
values_174; 170; 4936; 1234.000; 29.035
values_175; 188; 5299; 1324.750; 28.186
values_176; 188; 5298; 1324.500; 28.180
values_177; 175; 5016; 1254.000; 28.662
values_178; 170; 4936; 1234.000; 29.035
values_179; 183; 5219; 1304.750; 28.519
values_18; 35; 810; 202.500; 23.142
values_180; 170; 4934; 1233.500; 29.023
values_181; 170; 4933; 1233.250; 29.017
values_182; 175; 5014; 1253.500; 28.651
values_183; 170; 4933; 1233.250; 29.017
values_184; 175; 5016; 1254.000; 28.662
values_185; 170; 4933; 1233.250; 29.017
values_186; 170; 4933; 1233.250; 29.017
values_187; 175; 5014; 1253.500; 28.651
values_188; 170; 4933; 1233.250; 29.017
values_189; 170; 4934; 1233.500; 29.023
values_19; 35; 809; 202.250; 23.114
values_190; 188; 5300; 1325.000; 28.191
values_191; 175; 5015; 1253.750; 28.657
values_192; 188; 5298; 1324.500; 28.180
values_193; 188; 5298; 1324.500; 28.180
values_194; 188; 5298; 1324.500; 28.180
values_195; 175; 5017; 1254.250; 28.668
values_196; 175; 5015; 1253.750; 28.657
values_197; 175; 5017; 1254.250; 28.668
values_198; 188; 5299; 1324.750; 28.186
values_199; 170; 4934; 1233.500; 29.023
values_20; 22; 527; 131.750; 23.954
values_200; 170; 4969; 1242.250; 29.229
values_201; 170; 4969; 1242.250; 29.229
values_202; 170; 4969; 1242.250; 29.229
values_203; 170; 4969; 1242.250; 29.229
values_204; 170; 4969; 1242.250; 29.229
values_205; 170; 4969; 1242.250; 29.229
values_206; 170; 4969; 1242.250; 29.229
values_207; 170; 4969; 1242.250; 29.229
values_208; 170; 4969; 1242.250; 29.229
values_209; 170; 4969; 1242.250; 29.229
values_21; 22; 527; 131.750; 23.954
values_210; 190; 5394; 1348.500; 28.389
values_211; 177; 5111; 1277.750; 28.875
values_212; 177; 5112; 1278.000; 28.881
values_213; 188; 5335; 1333.750; 28.377
values_214; 188; 5335; 1333.750; 28.377
values_215; 170; 4971; 1242.750; 29.241
values_216; 177; 5109; 1277.250; 28.864
values_217; 188; 5334; 1333.500; 28.372
values_218; 177; 5111; 1277.750; 28.875
values_219; 183; 5254; 1313.500; 28.710
values_22; 22; 527; 131.750; 23.954
values_220; 170; 4969; 1242.250; 29.229
values_221; 170; 4971; 1242.750; 29.241
values_222; 177; 5110; 1277.500; 28.870
values_223; 175; 5050; 1262.500; 28.857
values_224; 170; 4970; 1242.500; 29.235
values_225; 175; 5051; 1262.750; 28.862
values_226; 175; 5050; 1262.500; 28.857
values_227; 170; 4970; 1242.500; 29.235
values_228; 170; 4969; 1242.250; 29.229
values_229; 170; 4969; 1242.250; 29.229
values_23; 22; 527; 131.750; 23.954
values_230; 177; 5111; 1277.750; 28.875
values_231; 175; 5052; 1263.000; 28.868
values_232; 170; 4969; 1242.250; 29.229
values_233; 190; 5394; 1348.500; 28.389
values_234; 175; 5050; 1262.500; 28.857
values_235; 170; 4969; 1242.250; 29.229
values_236; 190; 5393; 1348.250; 28.384
values_237; 177; 5111; 1277.750; 28.875
values_238; 177; 5111; 1277.750; 28.875
values_239; 170; 4971; 1242.750; 29.241
values_24; 22; 527; 131.750; 23.954
values_240; 190; 5395; 1348.750; 28.394
values_241; 190; 5395; 1348.750; 28.394
values_242; 190; 5395; 1348.750; 28.394
values_243; 190; 5395; 1348.750; 28.394
values_244; 190; 5395; 1348.750; 28.394
values_245; 190; 5395; 1348.750; 28.394
values_246; 190; 5395; 1348.750; 28.394
values_247; 190; 5395; 1348.750; 28.394
values_248; 190; 5395; 1348.750; 28.394
values_249; 190; 5395; 1348.750; 28.394
values_25; 22; 527; 131.750; 23.954
values_250; 177; 5110; 1277.500; 28.870
values_251; 177; 5110; 1277.500; 28.870
values_252; 175; 5051; 1262.750; 28.862
values_253; 175; 5051; 1262.750; 28.862
values_254; 170; 4971; 1242.750; 29.241
values_255; 177; 5111; 1277.750; 28.875
values_256; 177; 5110; 1277.500; 28.870
values_257; 177; 5110; 1277.500; 28.870
values_258; 170; 4971; 1242.750; 29.241
values_259; 170; 4969; 1242.250; 29.229
values_26; 22; 527; 131.750; 23.954
values_260; 190; 5395; 1348.750; 28.394
values_261; 177; 5112; 1278.000; 28.881
values_262; 190; 5394; 1348.500; 28.389
values_263; 190; 5394; 1348.500; 28.389
values_264; 183; 5254; 1313.500; 28.710
values_265; 177; 5112; 1278.000; 28.881
values_266; 188; 5333; 1333.250; 28.367
values_267; 177; 5111; 1277.750; 28.875
values_268; 177; 5111; 1277.750; 28.875
values_269; 190; 5394; 1348.500; 28.389
values_27; 22; 527; 131.750; 23.954
values_270; 175; 5051; 1262.750; 28.862
values_271; 177; 5111; 1277.750; 28.875
values_272; 177; 5111; 1277.750; 28.875
values_273; 190; 5395; 1348.750; 28.394
values_274; 170; 4971; 1242.750; 29.241
values_275; 177; 5110; 1277.500; 28.870
values_276; 177; 5111; 1277.750; 28.875
values_277; 177; 5112; 1278.000; 28.881
values_278; 190; 5393; 1348.250; 28.384
values_279; 190; 5394; 1348.500; 28.389
values_28; 22; 527; 131.750; 23.954
values_280; 170; 4969; 1242.250; 29.229
values_281; 170; 4969; 1242.250; 29.229
values_282; 170; 4969; 1242.250; 29.229
values_283; 170; 4969; 1242.250; 29.229
values_284; 170; 4969; 1242.250; 29.229
values_285; 170; 4969; 1242.250; 29.229
values_286; 177; 5111; 1277.750; 28.875
values_287; 170; 4969; 1242.250; 29.229
values_288; 170; 4969; 1242.250; 29.229
values_289; 170; 4969; 1242.250; 29.229
values_29; 22; 527; 131.750; 23.954
values_290; 190; 5394; 1348.500; 28.389
values_291; 177; 5111; 1277.750; 28.875
values_292; 170; 4970; 1242.500; 29.235
values_293; 177; 5111; 1277.750; 28.875
values_294; 190; 5392; 1348.000; 28.378
values_295; 177; 5112; 1278.000; 28.881
values_296; 170; 4970; 1242.500; 29.235
values_297; 170; 4970; 1242.500; 29.235
values_298; 190; 5394; 1348.500; 28.389
values_299; 188; 5335; 1333.750; 28.377
values_30; 22; 527; 131.750; 23.954
values_300; 89; 2357; 589.250; 26.483
values_301; 89; 2357; 589.250; 26.483
values_302; 89; 2357; 589.250; 26.483
values_303; 89; 2357; 589.250; 26.483
values_304; 89; 2357; 589.250; 26.483
values_305; 89; 2357; 589.250; 26.483
values_306; 89; 2357; 589.250; 26.483
values_307; 89; 2357; 589.250; 26.483
values_308; 89; 2357; 589.250; 26.483
values_309; 89; 2357; 589.250; 26.483
values_31; 22; 527; 131.750; 23.954
values_310; 111; 2838; 709.500; 25.567
values_311; 111; 2840; 710.000; 25.585
values_312; 102; 2640; 660.000; 25.882
values_313; 111; 2839; 709.750; 25.576
values_314; 111; 2840; 710.000; 25.585
values_315; 111; 2840; 710.000; 25.585
values_316; 111; 2838; 709.500; 25.567
values_317; 111; 2840; 710.000; 25.585
values_318; 111; 2840; 710.000; 25.585
values_319; 111; 2838; 709.500; 25.567
values_32; 22; 527; 131.750; 23.954
values_320; 89; 2358; 589.500; 26.494
values_321; 89; 2358; 589.500; 26.494
values_322; 89; 2357; 589.250; 26.483
values_323; 89; 2358; 589.500; 26.494
values_324; 111; 2837; 709.250; 25.558
values_325; 89; 2357; 589.250; 26.483
values_326; 89; 2358; 589.500; 26.494
values_327; 89; 2357; 589.250; 26.483
values_328; 111; 2838; 709.500; 25.567
values_329; 111; 2837; 709.250; 25.558
values_33; 22; 527; 131.750; 23.954
values_330; 111; 2837; 709.250; 25.558
values_331; 102; 2640; 660.000; 25.882
values_332; 102; 2641; 660.250; 25.892
values_333; 89; 2357; 589.250; 26.483
values_334; 89; 2357; 589.250; 26.483
values_335; 89; 2357; 589.250; 26.483
values_336; 89; 2358; 589.500; 26.494
values_337; 111; 2838; 709.500; 25.567
values_338; 89; 2358; 589.500; 26.494
values_339; 111; 2838; 709.500; 25.567
values_34; 22; 527; 131.750; 23.954
values_340; 111; 2840; 710.000; 25.585
values_341; 111; 2840; 710.000; 25.585
values_342; 111; 2840; 710.000; 25.585
values_343; 111; 2840; 710.000; 25.585
values_344; 111; 2840; 710.000; 25.585
values_345; 111; 2840; 710.000; 25.585
values_346; 111; 2840; 710.000; 25.585
values_347; 111; 2840; 710.000; 25.585
values_348; 111; 2840; 710.000; 25.585
values_349; 111; 2840; 710.000; 25.585
values_35; 22; 527; 131.750; 23.954
values_350; 102; 2641; 660.250; 25.892
values_351; 89; 2358; 589.500; 26.494
values_352; 111; 2839; 709.750; 25.576
values_353; 89; 2357; 589.250; 26.483
values_354; 89; 2358; 589.500; 26.494
values_355; 111; 2838; 709.500; 25.567
values_356; 102; 2640; 660.000; 25.882
values_357; 111; 2838; 709.500; 25.567
values_358; 89; 2358; 589.500; 26.494
values_359; 111; 2838; 709.500; 25.567
values_36; 22; 527; 131.750; 23.954
values_360; 111; 2840; 710.000; 25.585
values_361; 111; 2838; 709.500; 25.567
values_362; 89; 2358; 589.500; 26.494
values_363; 111; 2838; 709.500; 25.567
values_364; 102; 2640; 660.000; 25.882
values_365; 102; 2640; 660.000; 25.882
values_366; 111; 2839; 709.750; 25.576
values_367; 111; 2839; 709.750; 25.576
values_368; 111; 2840; 710.000; 25.585
values_369; 111; 2839; 709.750; 25.576
values_37; 22; 527; 131.750; 23.954
values_370; 111; 2838; 709.500; 25.567
values_371; 89; 2358; 589.500; 26.494
values_372; 102; 2641; 660.250; 25.892
values_373; 111; 2839; 709.750; 25.576
values_374; 111; 2839; 709.750; 25.576
values_375; 111; 2839; 709.750; 25.576
values_376; 111; 2838; 709.500; 25.567
values_377; 111; 2838; 709.500; 25.567
values_378; 102; 2640; 660.000; 25.882
values_379; 111; 2840; 710.000; 25.585
values_38; 22; 527; 131.750; 23.954
values_380; 89; 2357; 589.250; 26.483
values_381; 89; 2357; 589.250; 26.483
values_382; 89; 2358; 589.500; 26.494
values_383; 89; 2357; 589.250; 26.483
values_384; 89; 2357; 589.250; 26.483
values_385; 89; 2358; 589.500; 26.494
values_386; 89; 2357; 589.250; 26.483
values_387; 111; 2838; 709.500; 25.567
values_388; 89; 2357; 589.250; 26.483
values_389; 89; 2357; 589.250; 26.483
values_39; 22; 527; 131.750; 23.954
values_390; 111; 2838; 709.500; 25.567
values_391; 111; 2839; 709.750; 25.576
values_392; 102; 2640; 660.000; 25.882
values_393; 102; 2640; 660.000; 25.882
values_394; 89; 2358; 589.500; 26.494
values_395; 111; 2839; 709.750; 25.576
values_396; 111; 2838; 709.500; 25.567
values_397; 89; 2358; 589.500; 26.494
values_398; 111; 2839; 709.750; 25.576
values_399; 111; 2838; 709.500; 25.567
values_40; 35; 810; 202.500; 23.142
values_400; 192; 6275; 1568.750; 32.682
values_401; 192; 6275; 1568.750; 32.682
values_402; 192; 6275; 1568.750; 32.682
values_403; 192; 6275; 1568.750; 32.682
values_404; 192; 6275; 1568.750; 32.682
values_405; 192; 6275; 1568.750; 32.682
values_406; 192; 6275; 1568.750; 32.682
values_407; 192; 6275; 1568.750; 32.682
values_408; 192; 6275; 1568.750; 32.682
values_409; 192; 6275; 1568.750; 32.682
values_41; 35; 810; 202.500; 23.142
values_410; 218; 6878; 1719.500; 31.550
values_411; 218; 6877; 1719.250; 31.545
values_412; 218; 6878; 1719.500; 31.550
values_413; 218; 6877; 1719.250; 31.545
values_414; 216; 6815; 1703.750; 31.550
values_415; 216; 6817; 1704.250; 31.560
values_416; 216; 6817; 1704.250; 31.560
values_417; 216; 6817; 1704.250; 31.560
values_418; 218; 6877; 1719.250; 31.545
values_419; 216; 6817; 1704.250; 31.560
values_42; 35; 810; 202.500; 23.142
values_420; 192; 6276; 1569.000; 32.687
values_421; 205; 6558; 1639.500; 31.990
values_422; 218; 6874; 1718.500; 31.532
values_423; 192; 6276; 1569.000; 32.687
values_424; 192; 6275; 1568.750; 32.682
values_425; 216; 6815; 1703.750; 31.550
values_426; 192; 6275; 1568.750; 32.682
values_427; 192; 6275; 1568.750; 32.682
values_428; 192; 6275; 1568.750; 32.682
values_429; 216; 6815; 1703.750; 31.550
values_43; 35; 810; 202.500; 23.142
values_430; 192; 6276; 1569.000; 32.687
values_431; 214; 6757; 1689.250; 31.574
values_432; 214; 6756; 1689.000; 31.570
values_433; 216; 6815; 1703.750; 31.550
values_434; 214; 6757; 1689.250; 31.574
values_435; 218; 6878; 1719.500; 31.550
values_436; 216; 6815; 1703.750; 31.550
values_437; 218; 6876; 1719.000; 31.541
values_438; 205; 6558; 1639.500; 31.990
values_439; 218; 6876; 1719.000; 31.541
values_44; 35; 810; 202.500; 23.142
values_440; 218; 6878; 1719.500; 31.550
values_441; 218; 6878; 1719.500; 31.550
values_442; 218; 6878; 1719.500; 31.550
values_443; 218; 6878; 1719.500; 31.550
values_444; 218; 6878; 1719.500; 31.550
values_445; 218; 6878; 1719.500; 31.550
values_446; 218; 6878; 1719.500; 31.550
values_447; 218; 6878; 1719.500; 31.550
values_448; 218; 6878; 1719.500; 31.550
values_449; 218; 6878; 1719.500; 31.550
values_45; 35; 810; 202.500; 23.142
values_450; 214; 6756; 1689.000; 31.570
values_451; 216; 6815; 1703.750; 31.550
values_452; 216; 6815; 1703.750; 31.550
values_453; 192; 6276; 1569.000; 32.687
values_454; 214; 6758; 1689.500; 31.579
values_455; 218; 6878; 1719.500; 31.550
values_456; 192; 6275; 1568.750; 32.682
values_457; 216; 6816; 1704.000; 31.555
values_458; 218; 6875; 1718.750; 31.536
values_459; 214; 6756; 1689.000; 31.570
values_46; 35; 810; 202.500; 23.142
values_460; 218; 6877; 1719.250; 31.545
values_461; 218; 6876; 1719.000; 31.541
values_462; 218; 6877; 1719.250; 31.545
values_463; 216; 6816; 1704.000; 31.555
values_464; 218; 6877; 1719.250; 31.545
values_465; 218; 6877; 1719.250; 31.545
values_466; 214; 6758; 1689.500; 31.579
values_467; 216; 6818; 1704.500; 31.564
values_468; 218; 6877; 1719.250; 31.545
values_469; 216; 6817; 1704.250; 31.560
values_47; 35; 810; 202.500; 23.142
values_470; 216; 6817; 1704.250; 31.560
values_471; 205; 6558; 1639.500; 31.990
values_472; 218; 6876; 1719.000; 31.541
values_473; 216; 6816; 1704.000; 31.555
values_474; 218; 6878; 1719.500; 31.550
values_475; 218; 6877; 1719.250; 31.545
values_476; 218; 6876; 1719.000; 31.541
values_477; 218; 6876; 1719.000; 31.541
values_478; 218; 6876; 1719.000; 31.541
values_479; 214; 6757; 1689.250; 31.574
values_48; 35; 810; 202.500; 23.142
values_480; 216; 6814; 1703.500; 31.546
values_481; 192; 6276; 1569.000; 32.687
values_482; 216; 6815; 1703.750; 31.550
values_483; 216; 6815; 1703.750; 31.550
values_484; 192; 6275; 1568.750; 32.682
values_485; 192; 6275; 1568.750; 32.682
values_486; 216; 6814; 1703.500; 31.546
values_487; 192; 6275; 1568.750; 32.682
values_488; 192; 6275; 1568.750; 32.682
values_489; 214; 6756; 1689.000; 31.570
values_49; 35; 810; 202.500; 23.142
values_490; 218; 6875; 1718.750; 31.536
values_491; 218; 6876; 1719.000; 31.541
values_492; 216; 6816; 1704.000; 31.555
values_493; 218; 6878; 1719.500; 31.550
values_494; 214; 6757; 1689.250; 31.574
values_495; 218; 6878; 1719.500; 31.550
values_496; 214; 6757; 1689.250; 31.574
values_497; 216; 6816; 1704.000; 31.555
values_498; 214; 6758; 1689.500; 31.579
values_499; 216; 6815; 1703.750; 31.550
values_50; 22; 527; 131.750; 23.954
values_500; 134; 3744; 936.000; 27.940
values_501; 134; 3744; 936.000; 27.940
values_502; 134; 3744; 936.000; 27.940
values_503; 134; 3744; 936.000; 27.940
values_504; 134; 3744; 936.000; 27.940
values_505; 134; 3744; 936.000; 27.940
values_506; 134; 3744; 936.000; 27.940
values_507; 134; 3744; 936.000; 27.940
values_508; 134; 3744; 936.000; 27.940
values_509; 134; 3744; 936.000; 27.940
values_51; 22; 527; 131.750; 23.954
values_510; 147; 4028; 1007.000; 27.401
values_511; 156; 4227; 1056.750; 27.096
values_512; 156; 4226; 1056.500; 27.089
values_513; 147; 4029; 1007.250; 27.408
values_514; 156; 4227; 1056.750; 27.096
values_515; 147; 4028; 1007.000; 27.401
values_516; 147; 4029; 1007.250; 27.408
values_517; 156; 4227; 1056.750; 27.096
values_518; 156; 4227; 1056.750; 27.096
values_519; 156; 4227; 1056.750; 27.096
values_52; 22; 527; 131.750; 23.954
values_520; 134; 3744; 936.000; 27.940
values_521; 134; 3744; 936.000; 27.940
values_522; 134; 3746; 936.500; 27.955
values_523; 147; 4028; 1007.000; 27.401
values_524; 134; 3745; 936.250; 27.947
values_525; 156; 4225; 1056.250; 27.083
values_526; 134; 3744; 936.000; 27.940
values_527; 134; 3745; 936.250; 27.947
values_528; 134; 3745; 936.250; 27.947
values_529; 134; 3745; 936.250; 27.947
values_53; 22; 527; 131.750; 23.954
values_530; 156; 4226; 1056.500; 27.089
values_531; 134; 3744; 936.000; 27.940
values_532; 134; 3746; 936.500; 27.955
values_533; 156; 4226; 1056.500; 27.089
values_534; 134; 3746; 936.500; 27.955
values_535; 134; 3744; 936.000; 27.940
values_536; 134; 3745; 936.250; 27.947
values_537; 134; 3744; 936.000; 27.940
values_538; 134; 3746; 936.500; 27.955
values_539; 156; 4227; 1056.750; 27.096
values_54; 22; 527; 131.750; 23.954
values_540; 156; 4228; 1057.000; 27.102
values_541; 156; 4228; 1057.000; 27.102
values_542; 156; 4228; 1057.000; 27.102
values_543; 156; 4228; 1057.000; 27.102
values_544; 156; 4228; 1057.000; 27.102
values_545; 156; 4228; 1057.000; 27.102
values_546; 156; 4228; 1057.000; 27.102
values_547; 156; 4228; 1057.000; 27.102
values_548; 156; 4228; 1057.000; 27.102
values_549; 156; 4228; 1057.000; 27.102
values_55; 22; 527; 131.750; 23.954
values_550; 134; 3746; 936.500; 27.955
values_551; 156; 4225; 1056.250; 27.083
values_552; 134; 3746; 936.500; 27.955
values_553; 134; 3744; 936.000; 27.940
values_554; 156; 4226; 1056.500; 27.089
values_555; 147; 4028; 1007.000; 27.401
values_556; 134; 3744; 936.000; 27.940
values_557; 156; 4226; 1056.500; 27.089
values_558; 147; 4028; 1007.000; 27.401
values_559; 134; 3745; 936.250; 27.947
values_56; 22; 527; 131.750; 23.954
values_560; 156; 4228; 1057.000; 27.102
values_561; 156; 4228; 1057.000; 27.102
values_562; 134; 3746; 936.500; 27.955
values_563; 156; 4228; 1057.000; 27.102
values_564; 156; 4228; 1057.000; 27.102
values_565; 156; 4228; 1057.000; 27.102
values_566; 156; 4227; 1056.750; 27.096
values_567; 156; 4226; 1056.500; 27.089
values_568; 156; 4228; 1057.000; 27.102
values_569; 147; 4028; 1007.000; 27.401
values_57; 22; 527; 131.750; 23.954
values_570; 156; 4227; 1056.750; 27.096
values_571; 147; 4029; 1007.250; 27.408
values_572; 156; 4227; 1056.750; 27.096
values_573; 156; 4227; 1056.750; 27.096
values_574; 134; 3746; 936.500; 27.955
values_575; 156; 4226; 1056.500; 27.089
values_576; 134; 3746; 936.500; 27.955
values_577; 147; 4029; 1007.250; 27.408
values_578; 156; 4226; 1056.500; 27.089
values_579; 147; 4028; 1007.000; 27.401
values_58; 22; 527; 131.750; 23.954
values_580; 134; 3744; 936.000; 27.940
values_581; 134; 3745; 936.250; 27.947
values_582; 134; 3745; 936.250; 27.947
values_583; 134; 3744; 936.000; 27.940
values_584; 134; 3745; 936.250; 27.947
values_585; 134; 3744; 936.000; 27.940
values_586; 134; 3745; 936.250; 27.947
values_587; 134; 3744; 936.000; 27.940
values_588; 134; 3744; 936.000; 27.940
values_589; 134; 3745; 936.250; 27.947
values_59; 22; 527; 131.750; 23.954
values_590; 156; 4225; 1056.250; 27.083
values_591; 134; 3746; 936.500; 27.955
values_592; 156; 4228; 1057.000; 27.102
values_593; 134; 3745; 936.250; 27.947
values_594; 134; 3746; 936.500; 27.955
values_595; 134; 3745; 936.250; 27.947
values_596; 156; 4227; 1056.750; 27.096
values_597; 134; 3745; 936.250; 27.947
values_598; 156; 4228; 1057.000; 27.102
values_599; 147; 4028; 1007.000; 27.401
values_60; 35; 809; 202.250; 23.114
values_600; 179; 5347; 1336.750; 29.871
values_601; 179; 5347; 1336.750; 29.871
values_602; 179; 5347; 1336.750; 29.871
values_603; 179; 5347; 1336.750; 29.871
values_604; 179; 5347; 1336.750; 29.871
values_605; 179; 5347; 1336.750; 29.871
values_606; 179; 5347; 1336.750; 29.871
values_607; 179; 5347; 1336.750; 29.871
values_608; 179; 5347; 1336.750; 29.871
values_609; 179; 5347; 1336.750; 29.871
values_61; 35; 810; 202.500; 23.142
values_610; 199; 5772; 1443.000; 29.005
values_611; 192; 5631; 1407.750; 29.328
values_612; 179; 5348; 1337.000; 29.877
values_613; 179; 5349; 1337.250; 29.882
values_614; 199; 5771; 1442.750; 29.000
values_615; 199; 5770; 1442.500; 28.994
values_616; 179; 5350; 1337.500; 29.888
values_617; 199; 5771; 1442.750; 29.000
values_618; 186; 5487; 1371.750; 29.500
values_619; 192; 5632; 1408.000; 29.333
values_62; 35; 810; 202.500; 23.142
values_620; 179; 5349; 1337.250; 29.882
values_621; 179; 5347; 1336.750; 29.871
values_622; 186; 5488; 1372.000; 29.505
values_623; 179; 5348; 1337.000; 29.877
values_624; 179; 5348; 1337.000; 29.877
values_625; 199; 5769; 1442.250; 28.989
values_626; 179; 5349; 1337.250; 29.882
values_627; 179; 5348; 1337.000; 29.877
values_628; 186; 5487; 1371.750; 29.500
values_629; 179; 5348; 1337.000; 29.877
values_63; 35; 810; 202.500; 23.142
values_630; 192; 5633; 1408.250; 29.338
values_631; 179; 5347; 1336.750; 29.871
values_632; 186; 5488; 1372.000; 29.505
values_633; 186; 5488; 1372.000; 29.505
values_634; 179; 5349; 1337.250; 29.882
values_635; 179; 5350; 1337.500; 29.888
values_636; 199; 5772; 1443.000; 29.005
values_637; 192; 5632; 1408.000; 29.333
values_638; 186; 5488; 1372.000; 29.505
values_639; 179; 5348; 1337.000; 29.877
values_64; 35; 810; 202.500; 23.142
values_640; 199; 5773; 1443.250; 29.010
values_641; 199; 5773; 1443.250; 29.010
values_642; 199; 5773; 1443.250; 29.010
values_643; 199; 5773; 1443.250; 29.010
values_644; 199; 5773; 1443.250; 29.010
values_645; 199; 5773; 1443.250; 29.010
values_646; 199; 5773; 1443.250; 29.010
values_647; 199; 5773; 1443.250; 29.010
values_648; 199; 5773; 1443.250; 29.010
values_649; 199; 5773; 1443.250; 29.010
values_65; 35; 809; 202.250; 23.114
values_650; 179; 5348; 1337.000; 29.877
values_651; 192; 5631; 1407.750; 29.328
values_652; 179; 5347; 1336.750; 29.871
values_653; 199; 5769; 1442.250; 28.989
values_654; 179; 5348; 1337.000; 29.877
values_655; 179; 5347; 1336.750; 29.871
values_656; 192; 5632; 1408.000; 29.333
values_657; 186; 5489; 1372.250; 29.510
values_658; 186; 5488; 1372.000; 29.505
values_659; 186; 5488; 1372.000; 29.505
values_66; 35; 810; 202.500; 23.142
values_660; 199; 5772; 1443.000; 29.005
values_661; 199; 5773; 1443.250; 29.010
values_662; 186; 5489; 1372.250; 29.510
values_663; 192; 5632; 1408.000; 29.333
values_664; 186; 5489; 1372.250; 29.510
values_665; 199; 5772; 1443.000; 29.005
values_666; 199; 5771; 1442.750; 29.000
values_667; 199; 5773; 1443.250; 29.010
values_668; 199; 5771; 1442.750; 29.000
values_669; 199; 5772; 1443.000; 29.005
values_67; 35; 810; 202.500; 23.142
values_670; 199; 5773; 1443.250; 29.010
values_671; 186; 5490; 1372.500; 29.516
values_672; 192; 5631; 1407.750; 29.328
values_673; 199; 5772; 1443.000; 29.005
values_674; 186; 5488; 1372.000; 29.505
values_675; 186; 5489; 1372.250; 29.510
values_676; 179; 5348; 1337.000; 29.877
values_677; 199; 5773; 1443.250; 29.010
values_678; 179; 5349; 1337.250; 29.882
values_679; 192; 5631; 1407.750; 29.328
values_68; 35; 810; 202.500; 23.142
values_680; 179; 5347; 1336.750; 29.871
values_681; 186; 5488; 1372.000; 29.505
values_682; 179; 5347; 1336.750; 29.871
values_683; 179; 5347; 1336.750; 29.871
values_684; 179; 5349; 1337.250; 29.882
values_685; 179; 5348; 1337.000; 29.877
values_686; 179; 5347; 1336.750; 29.871
values_687; 179; 5347; 1336.750; 29.871
values_688; 179; 5347; 1336.750; 29.871
values_689; 179; 5347; 1336.750; 29.871
values_69; 35; 810; 202.500; 23.142
values_690; 179; 5349; 1337.250; 29.882
values_691; 186; 5490; 1372.500; 29.516
values_692; 199; 5772; 1443.000; 29.005
values_693; 179; 5350; 1337.500; 29.888
values_694; 186; 5490; 1372.500; 29.516
values_695; 186; 5490; 1372.500; 29.516
values_696; 199; 5770; 1442.500; 28.994
values_697; 199; 5772; 1443.000; 29.005
values_698; 179; 5349; 1337.250; 29.882
values_699; 186; 5489; 1372.250; 29.510
values_70; 35; 810; 202.500; 23.142
values_700; 238; 8092; 2023.000; 34.000
values_701; 238; 8092; 2023.000; 34.000
values_702; 238; 8092; 2023.000; 34.000
values_703; 238; 8092; 2023.000; 34.000
values_704; 238; 8092; 2023.000; 34.000
values_705; 238; 8092; 2023.000; 34.000
values_706; 238; 8092; 2023.000; 34.000
values_707; 238; 8092; 2023.000; 34.000
values_708; 238; 8092; 2023.000; 34.000
values_709; 238; 8092; 2023.000; 34.000
values_71; 35; 810; 202.500; 23.142
values_710; 245; 8236; 2059.000; 33.616
values_711; 258; 8518; 2129.500; 33.015
values_712; 258; 8518; 2129.500; 33.015
values_713; 258; 8517; 2129.250; 33.011
values_714; 238; 8095; 2023.750; 34.012
values_715; 251; 8378; 2094.500; 33.378
values_716; 258; 8517; 2129.250; 33.011
values_717; 251; 8379; 2094.750; 33.382
values_718; 238; 8095; 2023.750; 34.012
values_719; 258; 8516; 2129.000; 33.007
values_72; 35; 810; 202.500; 23.142
values_720; 251; 8377; 2094.250; 33.374
values_721; 251; 8376; 2094.000; 33.370
values_722; 238; 8093; 2023.250; 34.004
values_723; 251; 8377; 2094.250; 33.374
values_724; 238; 8094; 2023.500; 34.008
values_725; 238; 8095; 2023.750; 34.012
values_726; 238; 8092; 2023.000; 34.000
values_727; 238; 8093; 2023.250; 34.004
values_728; 245; 8233; 2058.250; 33.604
values_729; 238; 8094; 2023.500; 34.008
values_73; 35; 810; 202.500; 23.142
values_730; 245; 8235; 2058.750; 33.612
values_731; 238; 8095; 2023.750; 34.012
values_732; 258; 8517; 2129.250; 33.011
values_733; 245; 8236; 2059.000; 33.616
values_734; 238; 8095; 2023.750; 34.012
values_735; 238; 8095; 2023.750; 34.012
values_736; 238; 8093; 2023.250; 34.004
values_737; 238; 8094; 2023.500; 34.008
values_738; 238; 8095; 2023.750; 34.012
values_739; 238; 8095; 2023.750; 34.012
values_74; 35; 809; 202.250; 23.114
values_740; 258; 8519; 2129.750; 33.019
values_741; 258; 8519; 2129.750; 33.019
values_742; 258; 8519; 2129.750; 33.019
values_743; 258; 8519; 2129.750; 33.019
values_744; 258; 8519; 2129.750; 33.019
values_745; 258; 8519; 2129.750; 33.019
values_746; 258; 8519; 2129.750; 33.019
values_747; 258; 8519; 2129.750; 33.019
values_748; 258; 8519; 2129.750; 33.019
values_749; 258; 8519; 2129.750; 33.019
values_75; 35; 809; 202.250; 23.114
values_750; 245; 8233; 2058.250; 33.604
values_751; 238; 8092; 2023.000; 34.000
values_752; 251; 8378; 2094.500; 33.378
values_753; 238; 8095; 2023.750; 34.012
values_754; 238; 8095; 2023.750; 34.012
values_755; 251; 8377; 2094.250; 33.374
values_756; 245; 8233; 2058.250; 33.604
values_757; 238; 8094; 2023.500; 34.008
values_758; 238; 8095; 2023.750; 34.012
values_759; 258; 8517; 2129.250; 33.011
values_76; 35; 810; 202.500; 23.142
values_760; 251; 8378; 2094.500; 33.378
values_761; 238; 8095; 2023.750; 34.012
values_762; 251; 8378; 2094.500; 33.378
values_763; 258; 8516; 2129.000; 33.007
values_764; 258; 8519; 2129.750; 33.019
values_765; 258; 8518; 2129.500; 33.015
values_766; 258; 8517; 2129.250; 33.011
values_767; 258; 8518; 2129.500; 33.015
values_768; 245; 8235; 2058.750; 33.612
values_769; 258; 8517; 2129.250; 33.011
values_77; 35; 810; 202.500; 23.142
values_770; 238; 8094; 2023.500; 34.008
values_771; 238; 8096; 2024.000; 34.016
values_772; 258; 8518; 2129.500; 33.015
values_773; 238; 8094; 2023.500; 34.008
values_774; 258; 8518; 2129.500; 33.015
values_775; 245; 8235; 2058.750; 33.612
values_776; 238; 8095; 2023.750; 34.012
values_777; 258; 8518; 2129.500; 33.015
values_778; 251; 8378; 2094.500; 33.378
values_779; 258; 8519; 2129.750; 33.019
values_78; 35; 810; 202.500; 23.142
values_780; 238; 8093; 2023.250; 34.004
values_781; 238; 8093; 2023.250; 34.004
values_782; 238; 8093; 2023.250; 34.004
values_783; 238; 8093; 2023.250; 34.004
values_784; 238; 8092; 2023.000; 34.000
values_785; 238; 8092; 2023.000; 34.000
values_786; 238; 8092; 2023.000; 34.000
values_787; 238; 8092; 2023.000; 34.000
values_788; 238; 8092; 2023.000; 34.000
values_789; 238; 8093; 2023.250; 34.004
values_79; 35; 810; 202.500; 23.142
values_790; 258; 8516; 2129.000; 33.007
values_791; 245; 8234; 2058.500; 33.608
values_792; 258; 8518; 2129.500; 33.015
values_793; 245; 8234; 2058.500; 33.608
values_794; 245; 8234; 2058.500; 33.608
values_795; 238; 8094; 2023.500; 34.008
values_796; 258; 8516; 2129.000; 33.007
values_797; 251; 8378; 2094.500; 33.378
values_798; 251; 8377; 2094.250; 33.374
values_799; 251; 8379; 2094.750; 33.382
values_80; 22; 527; 131.750; 23.954
values_800; 177; 5252; 1313.000; 29.672
values_801; 177; 5252; 1313.000; 29.672
values_802; 177; 5252; 1313.000; 29.672
values_803; 177; 5252; 1313.000; 29.672
values_804; 177; 5252; 1313.000; 29.672
values_805; 177; 5252; 1313.000; 29.672
values_806; 177; 5252; 1313.000; 29.672
values_807; 177; 5252; 1313.000; 29.672
values_808; 177; 5252; 1313.000; 29.672
values_809; 177; 5252; 1313.000; 29.672
values_81; 22; 527; 131.750; 23.954
values_810; 197; 5677; 1419.250; 28.817
values_811; 177; 5254; 1313.500; 29.683
values_812; 190; 5537; 1384.250; 29.142
values_813; 197; 5676; 1419.000; 28.812
values_814; 177; 5254; 1313.500; 29.683
values_815; 184; 5395; 1348.750; 29.320
values_816; 184; 5395; 1348.750; 29.320
values_817; 197; 5675; 1418.750; 28.807
values_818; 177; 5254; 1313.500; 29.683
values_819; 177; 5254; 1313.500; 29.683
values_82; 22; 527; 131.750; 23.954
values_820; 177; 5252; 1313.000; 29.672
values_821; 177; 5254; 1313.500; 29.683
values_822; 184; 5393; 1348.250; 29.309
values_823; 177; 5252; 1313.000; 29.672
values_824; 177; 5253; 1313.250; 29.677
values_825; 177; 5254; 1313.500; 29.683
values_826; 177; 5253; 1313.250; 29.677
values_827; 177; 5252; 1313.000; 29.672
values_828; 177; 5252; 1313.000; 29.672
values_829; 177; 5252; 1313.000; 29.672
values_83; 22; 527; 131.750; 23.954
values_830; 190; 5537; 1384.250; 29.142
values_831; 177; 5255; 1313.750; 29.689
values_832; 197; 5676; 1419.000; 28.812
values_833; 197; 5677; 1419.250; 28.817
values_834; 197; 5676; 1419.000; 28.812
values_835; 197; 5677; 1419.250; 28.817
values_836; 184; 5394; 1348.500; 29.315
values_837; 184; 5393; 1348.250; 29.309
values_838; 197; 5675; 1418.750; 28.807
values_839; 190; 5536; 1384.000; 29.136
values_84; 22; 527; 131.750; 23.954
values_840; 197; 5678; 1419.500; 28.822
values_841; 197; 5678; 1419.500; 28.822
values_842; 197; 5678; 1419.500; 28.822
values_843; 197; 5678; 1419.500; 28.822
values_844; 197; 5678; 1419.500; 28.822
values_845; 197; 5678; 1419.500; 28.822
values_846; 197; 5678; 1419.500; 28.822
values_847; 197; 5678; 1419.500; 28.822
values_848; 197; 5678; 1419.500; 28.822
values_849; 197; 5678; 1419.500; 28.822
values_85; 22; 527; 131.750; 23.954
values_850; 177; 5254; 1313.500; 29.683
values_851; 177; 5253; 1313.250; 29.677
values_852; 197; 5676; 1419.000; 28.812
values_853; 177; 5254; 1313.500; 29.683
values_854; 177; 5254; 1313.500; 29.683
values_855; 177; 5253; 1313.250; 29.677
values_856; 177; 5253; 1313.250; 29.677
values_857; 184; 5394; 1348.500; 29.315
values_858; 177; 5253; 1313.250; 29.677
values_859; 177; 5252; 1313.000; 29.672
values_86; 22; 527; 131.750; 23.954
values_860; 184; 5394; 1348.500; 29.315
values_861; 197; 5678; 1419.500; 28.822
values_862; 197; 5677; 1419.250; 28.817
values_863; 184; 5393; 1348.250; 29.309
values_864; 197; 5677; 1419.250; 28.817
values_865; 177; 5254; 1313.500; 29.683
values_866; 197; 5677; 1419.250; 28.817
values_867; 197; 5677; 1419.250; 28.817
values_868; 197; 5678; 1419.500; 28.822
values_869; 197; 5678; 1419.500; 28.822
values_87; 22; 527; 131.750; 23.954
values_870; 190; 5537; 1384.250; 29.142
values_871; 197; 5677; 1419.250; 28.817
values_872; 177; 5255; 1313.750; 29.689
values_873; 197; 5677; 1419.250; 28.817
values_874; 197; 5676; 1419.000; 28.812
values_875; 197; 5677; 1419.250; 28.817
values_876; 197; 5675; 1418.750; 28.807
values_877; 177; 5254; 1313.500; 29.683
values_878; 197; 5676; 1419.000; 28.812
values_879; 197; 5677; 1419.250; 28.817
values_88; 22; 527; 131.750; 23.954
values_880; 177; 5252; 1313.000; 29.672
values_881; 177; 5252; 1313.000; 29.672
values_882; 177; 5252; 1313.000; 29.672
values_883; 177; 5252; 1313.000; 29.672
values_884; 177; 5253; 1313.250; 29.677
values_885; 177; 5252; 1313.000; 29.672
values_886; 177; 5253; 1313.250; 29.677
values_887; 177; 5253; 1313.250; 29.677
values_888; 177; 5253; 1313.250; 29.677
values_889; 177; 5252; 1313.000; 29.672
values_89; 22; 527; 131.750; 23.954
values_890; 197; 5677; 1419.250; 28.817
values_891; 177; 5253; 1313.250; 29.677
values_892; 184; 5394; 1348.500; 29.315
values_893; 197; 5678; 1419.500; 28.822
values_894; 197; 5676; 1419.000; 28.812
values_895; 197; 5677; 1419.250; 28.817
values_896; 177; 5254; 1313.500; 29.683
values_897; 190; 5536; 1384.000; 29.136
values_898; 197; 5677; 1419.250; 28.817
values_899; 190; 5537; 1384.250; 29.142
values_90; 35; 810; 202.500; 23.142
values_900; 136; 3731; 932.750; 27.433
values_901; 136; 3731; 932.750; 27.433
values_902; 136; 3731; 932.750; 27.433
values_903; 136; 3731; 932.750; 27.433
values_904; 136; 3731; 932.750; 27.433
values_905; 136; 3731; 932.750; 27.433
values_906; 136; 3731; 932.750; 27.433
values_907; 136; 3731; 932.750; 27.433
values_908; 136; 3731; 932.750; 27.433
values_909; 136; 3731; 932.750; 27.433
values_91; 35; 810; 202.500; 23.142
values_910; 136; 3733; 933.250; 27.448
values_911; 149; 4016; 1004.000; 26.953
values_912; 136; 3734; 933.500; 27.455
values_913; 149; 4014; 1003.500; 26.939
values_914; 149; 4015; 1003.750; 26.946
values_915; 149; 4017; 1004.250; 26.959
values_916; 149; 4016; 1004.000; 26.953
values_917; 149; 4015; 1003.750; 26.946
values_918; 149; 4016; 1004.000; 26.953
values_919; 136; 3733; 933.250; 27.448
values_92; 35; 810; 202.500; 23.142
values_920; 149; 4014; 1003.500; 26.939
values_921; 136; 3731; 932.750; 27.433
values_922; 136; 3733; 933.250; 27.448
values_923; 136; 3732; 933.000; 27.441
values_924; 136; 3732; 933.000; 27.441
values_925; 136; 3731; 932.750; 27.433
values_926; 136; 3732; 933.000; 27.441
values_927; 136; 3732; 933.000; 27.441
values_928; 149; 4015; 1003.750; 26.946
values_929; 136; 3732; 933.000; 27.441
values_93; 35; 809; 202.250; 23.114
values_930; 136; 3732; 933.000; 27.441
values_931; 149; 4017; 1004.250; 26.959
values_932; 149; 4014; 1003.500; 26.939
values_933; 136; 3733; 933.250; 27.448
values_934; 136; 3731; 932.750; 27.433
values_935; 136; 3731; 932.750; 27.433
values_936; 136; 3732; 933.000; 27.441
values_937; 136; 3733; 933.250; 27.448
values_938; 136; 3731; 932.750; 27.433
values_939; 136; 3732; 933.000; 27.441
values_94; 35; 809; 202.250; 23.114
values_940; 149; 4017; 1004.250; 26.959
values_941; 149; 4017; 1004.250; 26.959
values_942; 149; 4017; 1004.250; 26.959
values_943; 149; 4017; 1004.250; 26.959
values_944; 149; 4017; 1004.250; 26.959
values_945; 149; 4017; 1004.250; 26.959
values_946; 149; 4017; 1004.250; 26.959
values_947; 149; 4017; 1004.250; 26.959
values_948; 149; 4017; 1004.250; 26.959
values_949; 149; 4017; 1004.250; 26.959
values_95; 35; 810; 202.500; 23.142
values_950; 136; 3732; 933.000; 27.441
values_951; 136; 3733; 933.250; 27.448
values_952; 136; 3732; 933.000; 27.441
values_953; 136; 3732; 933.000; 27.441
values_954; 136; 3734; 933.500; 27.455
values_955; 136; 3731; 932.750; 27.433
values_956; 149; 4015; 1003.750; 26.946
values_957; 136; 3731; 932.750; 27.433
values_958; 136; 3732; 933.000; 27.441
values_959; 136; 3732; 933.000; 27.441
values_96; 35; 809; 202.250; 23.114
values_960; 149; 4016; 1004.000; 26.953
values_961; 149; 4014; 1003.500; 26.939
values_962; 149; 4016; 1004.000; 26.953
values_963; 149; 4016; 1004.000; 26.953
values_964; 149; 4017; 1004.250; 26.959
values_965; 149; 4017; 1004.250; 26.959
values_966; 149; 4016; 1004.000; 26.953
values_967; 136; 3732; 933.000; 27.441
values_968; 149; 4015; 1003.750; 26.946
values_969; 136; 3734; 933.500; 27.455
values_97; 35; 810; 202.500; 23.142
values_970; 149; 4017; 1004.250; 26.959
values_971; 136; 3733; 933.250; 27.448
values_972; 149; 4015; 1003.750; 26.946
values_973; 136; 3732; 933.000; 27.441
values_974; 136; 3733; 933.250; 27.448
values_975; 136; 3733; 933.250; 27.448
values_976; 136; 3733; 933.250; 27.448
values_977; 149; 4015; 1003.750; 26.946
values_978; 149; 4015; 1003.750; 26.946
values_979; 136; 3734; 933.500; 27.455
values_98; 35; 810; 202.500; 23.142
values_980; 136; 3732; 933.000; 27.441
values_981; 136; 3731; 932.750; 27.433
values_982; 136; 3732; 933.000; 27.441
values_983; 136; 3731; 932.750; 27.433
values_984; 136; 3731; 932.750; 27.433
values_985; 136; 3731; 932.750; 27.433
values_986; 136; 3732; 933.000; 27.441
values_987; 136; 3731; 932.750; 27.433
values_988; 136; 3733; 933.250; 27.448
values_989; 136; 3731; 932.750; 27.433
values_99; 35; 810; 202.500; 23.142
values_990; 149; 4014; 1003.500; 26.939
values_991; 136; 3732; 933.000; 27.441
values_992; 149; 4016; 1004.000; 26.953
values_993; 149; 4015; 1003.750; 26.946
values_994; 136; 3732; 933.000; 27.441
values_995; 136; 3733; 933.250; 27.448
values_996; 136; 3734; 933.500; 27.455
values_997; 136; 3733; 933.250; 27.448
values_998; 149; 4014; 1003.500; 26.939
values_999; 149; 4014; 1003.500; 26.939
